200	2.25432	0.57561
201	2.2529	0.57094
202	2.25334	0.56141
203	2.2506	0.55946
204	2.25124	0.55633
205	2.25445	0.55326
206	2.25649	0.55019
207	2.25871	0.54714
208	2.26167	0.54409
209	2.25931	0.54105
210	2.26558	0.53802
211	2.26496	0.535
212	2.26543	0.53198
213	2.26855	0.52897
214	2.26753	0.52597
215	2.27248	0.52297
216	2.2699	0.51998
217	2.27373	0.517
218	2.27792	0.51402
219	2.27513	0.51105
220	2.27562	0.50809
221	2.27816	0.50513
222	2.2733	0.50218
223	2.28444	0.49923
224	2.28321	0.49629
225	2.2825	0.49335
226	2.28206	0.49042
227	2.28411	0.4875
228	2.28508	0.48457
229	2.28888	0.48166
230	2.29075	0.47875
231	2.29446	0.47584
232	2.28456	0.47294
233	2.28842	0.47004
234	2.29254	0.46714
235	2.28992	0.46425
236	2.29494	0.46136
237	2.29023	0.45848
238	2.29727	0.4556
239	2.29216	0.45272
240	2.29374	0.44985
241	2.29866	0.44698
242	2.30009	0.44411
243	2.30524	0.44124
244	2.2966	0.43838
245	2.30299	0.43552
246	2.30546	0.43266
247	2.30768	0.42981
248	2.3027	0.42695
249	2.30128	0.4241
250	2.30463	0.42125
251	2.30584	0.4184
252	2.30701	0.41555
253	2.30815	0.4127
254	2.30925	0.40986
255	2.31031	0.40701
256	2.31133	0.40417
257	2.31232	0.40133
258	2.31326	0.39848
259	2.31417	0.39564
260	2.31503	0.3928
261	2.31586	0.38996
262	2.31664	0.38711
263	2.31738	0.38427
264	2.31808	0.38143
265	2.31874	0.37858
266	2.31936	0.37574
267	2.31993	0.37289
268	2.32046	0.37005
269	2.32095	0.3672
270	2.32139	0.36435
271	2.32179	0.3615
272	2.32214	0.35865
273	2.32245	0.3558
274	2.32271	0.35294
275	2.32293	0.35009
276	2.32309	0.34723
277	2.32322	0.34436
278	2.32329	0.3415
279	2.32332	0.33863
280	2.32329	0.33576
281	2.32322	0.33289
282	2.3231	0.33002
283	2.32293	0.32714
284	2.32271	0.32425
285	2.32244	0.32137
286	2.32212	0.31848
287	2.32175	0.31559
288	2.32133	0.31269
289	2.32085	0.30979
290	2.32032	0.30688
291	2.31974	0.30397
292	2.31911	0.30106
293	2.31842	0.29814
294	2.31768	0.29522
295	2.31688	0.29229
296	2.31603	0.28936
297	2.31512	0.28642
298	2.31416	0.28347
299	2.31314	0.28052
300	2.31207	0.27757
301	2.31094	0.27461
302	2.30975	0.27164
303	2.3085	0.26867
304	2.30719	0.26569
305	2.30458	0.2627
306	2.30502	0.25971
307	2.30517	0.25671
308	2.30222	0.2537
309	2.30281	0.25069
310	2.3041	0.24767
311	2.30232	0.24464
312	2.30436	0.24161
313	2.29889	0.23856
314	2.30089	0.23551
315	2.29591	0.23245
316	2.29824	0.22939
317	2.29734	0.22631
318	2.2968	0.22323
319	2.29732	0.22014
320	2.29527	0.21704
321	2.29342	0.21393
322	2.29467	0.21081
323	2.29419	0.20768
324	2.2908	0.20455
325	2.28954	0.2014
326	2.29106	0.19825
327	2.28799	0.19263
328	2.28655	0.18921
329	2.28436	0.18529
330	2.28154	0.18066
331	2.2802	0.17707
332	2.27475	0.1765
333	2.27833	0.17805
334	2.27384	0.17243
335	2.27284	0.16979
336	2.27214	0.1685
337	2.26963	0.16302
338	2.2684	0.16059
339	2.26501	0.1546
340	2.26736	0.15856
341	2.26387	0.15228
342	2.2637	0.15153
343	2.26131	0.14734
344	2.2613	0.14789
345	2.25983	0.14617
346	2.25559	0.13904
347	2.25531	0.13876
348	2.25313	0.13434
349	2.25358	0.13502
350	2.25323	0.13446
351	2.24887	0.12702
352	2.24799	0.126
353	2.24577	0.1225
354	2.24543	0.12232
355	2.24411	0.12052
356	2.24363	0.12077
357	2.24071	0.11594
358	2.23943	0.11432
359	2.23759	0.11106
360	2.23568	0.10747
361	2.23469	0.10684
362	2.2327	0.10445
363	2.23019	0.10116
364	2.22902	0.09977
365	2.22727	0.09701
366	2.22679	0.09694
367	2.22639	0.09829
368	2.22333	0.09314
369	2.2209	0.0896
370	2.22195	0.0945
371	2.21684	0.08325
372	2.21637	0.08464
373	2.21478	0.08347
374	2.21393	0.08444
375	2.21023	0.07768
376	2.20949	0.07858
377	2.20754	0.07583
378	2.20691	0.07725
379	2.20483	0.075
380	2.20428	0.07646
381	2.20231	0.07358
382	2.19923	0.06663
383	2.19927	0.0702
384	2.19707	0.06721
385	2.19524	0.06612
386	2.19313	0.06378
387	2.19314	0.06794
388	2.18982	0.06039
389	2.18805	0.05883
390	2.18639	0.05709
391	2.18389	0.05314
392	2.18508	0.06269
393	2.18146	0.05395
394	2.17989	0.05282
395	2.18	0.05835
396	2.17717	0.05232
397	2.17668	0.05509
398	2.17322	0.04615
399	2.1721	0.04615
400	2.17146	0.04813
401	2.17031	0.0491
402	2.16871	0.04796
403	2.16689	0.04678
404	2.16481	0.04331
405	2.16384	0.04426
406	2.16316	0.04642
407	2.16104	0.04216
408	2.16043	0.04479
409	2.15844	0.0412
410	2.15669	0.03895
411	2.15573	0.03937
412	2.15535	0.04388
413	2.15372	0.0428
414	2.15122	0.03669
415	2.15017	0.03744
416	2.14973	0.04158
417	2.14828	0.03919
418	2.1471	0.0395
419	2.14539	0.03746
420	2.14389	0.03692
421	2.1422	0.03363
422	2.14128	0.03443
423	2.1401	0.03371
424	2.13873	0.03172
425	2.13803	0.03437
426	2.13688	0.03476
427	2.13541	0.03267
428	2.13453	0.03471
429	2.13291	0.03144
430	2.13187	0.03124
431	2.13059	0.0289
432	2.13007	0.0335
433	2.12892	0.03311
434	2.12732	0.02745
435	2.12639	0.02915
436	2.12561	0.0321
437	2.12455	0.03275
438	2.12278	0.02619
439	2.12181	0.0272
440	2.12088	0.02722
441	2.11996	0.0261
442	2.1192	0.02775
443	2.11825	0.02678
444	2.11721	0.02599
445	2.1163	0.0264
446	2.11532	0.02574
447	2.1146	0.02825
448	2.11357	0.02656
449	2.11257	0.02441
450	2.11156	0.02315
451	2.11069	0.02531
452	2.10989	0.025
453	2.1089	0.02018
454	2.10835	0.02787
455	2.10729	0.0203
456	2.10644	0.02162
457	2.10568	0.02545
458	2.10494	0.02833
459	2.10394	0.02056
460	2.10321	0.02132
461	2.10233	0.02301
462	2.1014	0.01955
463	2.10065	0.01998
464	2.09991	0.02126
465	2.09936	0.02005
466	2.09871	0.01798
467	2.09786	0.02264
468	2.09702	0.01981
469	2.09623	0.02209
470	2.0953	0.02191
471	2.09465	0.01954
472	2.09407	0.01493
473	2.09337	0.0166
474	2.09267	0.01977
475	2.09214	0.0179
476	2.09136	0.01957
477	2.09079	0.01737
478	2.09001	0.0196
479	2.08941	0.01818
480	2.08858	0.01891
481	2.08803	0.01704
482	2.08719	0.01802
483	2.0867	0.0124
484	2.08579	0.01671
485	2.0851	0.01994
486	2.08457	0.01965
487	2.08422	0.01815
488	2.08394	0.01423
489	2.08315	0.01602
490	2.08259	0.01305
491	2.0815	0.02052
492	2.08115	0.01443
493	2.08035	0.01884
494	2.07988	0.01994
495	2.07953	0.0164
496	2.07859	0.01949
497	2.07813	0.01893
498	2.07742	0.01993
499	2.07708	0.01734
500	2.07615	0.02364
501	2.07637	0.0147
502	2.07567	0.01729
503	2.07491	0.02008
504	2.07452	0.0173
505	2.07391	0.01639
506	2.07334	0.01534
507	2.07296	0.01402
508	2.07203	0.0201
509	2.0719	0.01806
510	2.07189	0.01202
511	2.07065	0.01823
512	2.07036	0.01435
513	2.06987	0.01447
514	2.06965	0.01216
515	2.06908	0.01305
516	2.06824	0.01614
517	2.06784	0.01592
518	2.06791	0.01181
519	2.06685	0.01598
520	2.06621	0.01614
521	2.06565	0.01747
522	2.06551	0.0158
523	2.06565	0.01134
524	2.06434	0.01736
525	2.06419	0.01551
526	2.06388	0.01381
527	2.06339	0.01384
528	2.063	0.01433
529	2.06205	0.01753
530	2.06216	0.01426
531	2.06184	0.01416
532	2.06162	0.0127
533	2.06113	0.01308
534	2.06086	0.01223
535	2.06	0.01499
536	2.0596	0.01475
537	2.0602	0.00881
538	2.0591	0.01327
539	2.05887	0.01185
540	2.059	0.00764
541	2.05759	0.01439
542	2.05694	0.01528
543	2.05676	0.01365
544	2.05619	0.01442
545	2.05573	0.01386
546	2.05564	0.01136
547	2.05548	0.01058
548	2.05501	0.01143
549	2.05442	0.01312
550	2.05362	0.01472
551	2.05339	0.01349
552	2.05284	0.01429
553	2.05262	0.01332
554	2.05251	0.01232
555	2.05241	0.01095
556	2.05151	0.01331
557	2.051	0.0136
558	2.05087	0.01243
559	2.05118	0.00935
560	2.05039	0.01116
561	2.04963	0.01331
562	2.04948	0.01239
563	2.04895	0.01287
564	2.04855	0.01307
565	2.04873	0.01037
566	2.04832	0.01078
567	2.04739	0.01293
568	2.04742	0.01087
569	2.04763	0.00856
570	2.04669	0.01133
571	2.04649	0.01001
572	2.04578	0.01204
573	2.04536	0.01231
574	2.04519	0.01157
575	2.04442	0.01334
576	2.04453	0.0109
577	2.044	0.01088
578	2.04386	0.00958
579	2.04334	0.0105
580	2.04288	0.01147
581	2.04301	0.00958
582	2.04229	0.01111
583	2.04233	0.00975
584	2.04221	0.00872
585	2.0414	0.01081
586	2.04081	0.01208
587	2.04133	0.00894
588	2.04059	0.01068
589	2.04062	0.00932
590	2.04084	0.00705
591	2.03941	0.01079
592	2.03959	0.00866
593	2.03894	0.01012
594	2.03851	0.01055
595	2.03758	0.01268
596	2.03803	0.01032
597	2.03781	0.00961
598	2.03733	0.01
599	2.03669	0.01084
600	2.03657	0.0103
601	2.03662	0.00892
602	2.03649	0.0086
603	2.03621	0.00848
604	2.03551	0.01034
605	2.03584	0.00808
606	2.03568	0.00719
607	2.03532	0.00766
608	2.03422	0.01046
609	2.03414	0.00955
610	2.03397	0.00899
611	2.03425	0.00673
612	2.03395	0.00667
613	2.03282	0.0093
614	2.0321	0.01087
615	2.03247	0.00913
616	2.03331	0.00537
617	2.03215	0.0082
618	2.03189	0.0079
619	2.03226	0.00555
620	2.03127	0.0079
621	2.03138	0.00683
622	2.03134	0.006
623	2.03113	0.0058
624	2.03053	0.00678
625	2.03023	0.00699
626	2.03038	0.00528
627	2.02996	0.00571
628	2.02991	0.00514
629	2.02922	0.0069
630	2.02929	0.00563
631	2.02755	0.01024
632	2.02791	0.00784
633	2.02798	0.00611
634	2.02801	0.00519
635	2.02798	0.00444
636	2.02733	0.00583
637	2.02714	0.00586
638	2.02724	0.00385
639	2.02676	0.00445
640	2.02544	0.00789
641	2.02666	0.00322
642	2.02639	0.00333
643	2.02589	0.00362
644	2.02483	0.0064
645	2.02507	0.00472
646	2.02486	0.00454
647	2.0252	0.00263
648	2.0239	0.00489
649	2.02313	0.00588
650	2.02293	0.00528
651	2.02266	0.00511
652	2.02244	0.00481
653	2.02227	0.00464
654	2.02209	0.00442
655	2.02192	0.00422
656	2.02175	0.00403
657	2.02158	0.00386
658	2.02139	0.00368
659	2.02129	0.00344
660	2.02118	0.00311
661	2.01999	0.00629
662	2.01997	0.00597
663	2.01975	0.00585
664	2.02031	0.00342
665	2.01997	0.00386
666	2.0194	0.00456
667	2.01911	0.00435
668	2.01891	0.00357
669	2.01949	0.00142
670	2.01806	0.00431
671	2.0183	0.00278
672	2.01787	0.0035
673	2.01709	0.00504
674	2.01755	0.00308
675	2.01813	9.41968E-4
676	2.01717	0.00295
677	2.01713	0.002
678	2.01652	0.00314
679	2.01646	0.00257
680	2.01616	0.0028
681	2.01662	6.37535E-4
682	2.01633	9.59795E-4
683	2.01559	0.00264
684	2.01528	0.0025
685	2.01517	0.00204
686	2.01386	0.00486
687	2.01456	0.00247
688	2.01422	0.00239
689	2.01377	0.00311
690	2.01436	6.30405E-4
691	2.01338	0.00243
692	2.01288	0.00341
693	2.0135	9.79251E-4
694	2.01273	0.00216
695	2.01232	0.00265
696	2.01346	1.74877E-7
697	2.01187	0.00215
698	2.01163	0.00199
699	2.011	0.00335
700	2.01179	5.39599E-4
701	2.01146	5.72412E-4
702	2.01123	7.18575E-4
703	2.0111	3.00973E-4
704	2.00972	0.003
705	2.01034	0.00112
706	2.01042	4.89064E-4
707	2.01023	3.7666E-4
708	2.00953	0.00162
709	2.00991	1.11232E-7
710	2.00927	0.00112
711	2.0084	0.00279
712	2.00884	0.0012
713	2.00809	0.00202
714	2.00891	1.62583E-7
715	2.00758	0.00159
716	2.00836	1.59919E-9
717	2.00813	7.54958E-7
718	2.00836	8.74713E-9
719	2.00728	6.29046E-4
720	2.00741	2.02991E-7
721	2.00661	7.39547E-4
722	2.00675	5.46508E-7
723	2.00745	9.94891E-8
724	2.0058	0.00106
725	2.00584	2.03578E-4
726	2.00542	7.33225E-4
727	2.00581	2.88871E-7
728	2.00594	0
729	2.00576	4.24484E-7
730	2.00475	1.70755E-8
731	2.0046	8.77507E-8
732	2.00518	1.36513E-7
733	2.0039	1.36022E-4
734	2.00465	0
735	2.00384	6.35867E-7
736	2.00364	1.87894E-8
737	2.00342	1.46179E-7
738	2.00257	2.70056E-4
739	2.00335	1.35894E-7
740	2.0016	0.00135
741	2.00277	0
742	2.00246	1.00802E-7
743	2.00154	8.84691E-6
744	2.00135	7.78591E-8
745	2.00191	2.42094E-5
746	2.00136	0
747	2.00059	7.54958E-9
748	2.00058	2.48713E-7
749	2.0004	5.74784E-9
750	2.00031	1.14009E-6
751	2.00016	1.44261E-8
752	2.00012	4.21498E-8
753	1.99932	1.50608E-8
754	2.0004	5.14579E-8
755	1.99957	3.10487E-7
756	1.99908	1.75031E-7
757	1.99969	1.39209E-7
758	1.9983	1.00284E-7
759	1.99739	0.00117
760	1.99847	4.44494E-8
761	1.99758	1.72878E-6
762	1.99776	4.62178E-7
763	1.99834	3.92613E-8
764	1.99705	0
765	1.99673	9.15876E-7
766	1.99707	5.25305E-7
767	1.99636	2.73611E-7
768	1.99646	1.0205E-8
769	1.99647	4.46243E-8
770	1.99587	0
771	1.99598	5.86351E-7
772	1.99604	1.9427E-7
773	1.99544	1.53533E-7
774	1.99495	6.70751E-9
775	1.9953	1.41729E-8
776	1.9948	1.5701E-7
777	1.99457	4.00109E-7
778	1.99431	2.81528E-8
779	1.99352	2.32277E-8
780	1.99445	9.1005E-8
781	1.99419	2.7488E-7
782	1.99392	2.45124E-7
783	1.99358	0
784	1.99405	2.75713E-8
785	1.9937	4.58457E-9
786	1.99261	1.9456E-7
787	1.99232	2.89953E-8
788	1.9935	1.00427E-8
789	1.99156	1.82836E-7
790	1.9916	0
791	1.99163	4.68365E-8
792	1.99054	1.15258E-9
793	1.99318	1.63771E-8
794	1.99147	4.88572E-8
795	1.99015	2.58984E-9
796	1.99134	2.65783E-9
797	1.99054	4.90358E-10
798	1.98973	1.60642E-7
799	1.98998	3.6657E-7
800	1.99062	1.33085E-9
801	1.98982	1.34126E-8
802	1.98999	1.09137E-9
803	1.98976	4.89718E-14
804	1.98953	0
805	1.9885	0
806	1.98885	5.38093E-9
807	1.98912	5.76715E-8
808	1.98795	5.08156E-8
809	1.98789	1.92965E-7
810	1.98796	7.79906E-8
811	1.98803	3.88426E-10
812	1.98787	3.42729E-8
813	1.98618	4.99171E-8
814	1.98682	6.11762E-9
815	1.98643	8.58202E-9
816	1.98614	2.14605E-8
817	1.98636	2.32277E-9
818	1.98601	5.67208E-8
819	1.98626	5.94275E-9
820	1.98593	0
821	1.98541	1.22325E-8
822	1.98465	6.90164E-8
823	1.98382	0
824	1.98511	7.54958E-8
825	1.98594	2.84982E-9
826	1.98495	1.90306E-8
827	1.98477	1.52822E-8
828	1.98484	1.1819E-10
829	1.98398	5.86348E-7
830	1.98391	0
831	1.98312	0
832	1.98235	5.52977E-8
833	1.9834	0
834	1.9818	4.04739E-9
835	1.98337	3.85066E-7
836	1.98328	1.42135E-9
837	1.98258	2.10692E-7
838	1.98212	9.26752E-9
839	1.98319	1.01637E-9
840	1.98158	3.68337E-8
841	1.9812	1.02706E-8
842	1.98227	1.37431E-8
843	1.97974	4.85056E-9
844	1.98062	4.90579E-8
845	1.98171	1.01493E-8
846	1.98109	0
847	1.98069	7.07749E-8
848	1.98024	4.10504E-10
849	1.9797	5.22052E-9
850	1.97909	2.17169E-8
851	1.97838	0
852	1.98001	2.95224E-8
853	1.97977	0
854	1.97837	3.35717E-8
855	1.97838	1.69731E-8
856	1.9795	5.93578E-8
857	1.97806	0
858	1.97886	2.66078E-8
859	1.97857	8.27917E-8
860	1.9775	0
861	1.97675	8.83212E-9
862	1.97682	0
863	1.97688	1.48136E-7
864	1.97632	0
865	1.97671	8.59729E-6
866	1.9766	1.88851E-9
867	1.97765	1.36464E-9
868	1.97638	3.94881E-9
869	1.97643	0
870	1.97574	0
871	1.97551	0
872	1.97502	0
873	1.97567	4.87259E-7
874	1.97482	1.58259E-9
875	1.97336	3.05323E-9
876	1.97355	8.04539E-8
877	1.97546	7.54958E-9
878	1.97435	3.19481E-9
879	1.97483	6.42826E-9
880	1.97402	3.16385E-8
881	1.97271	3.90016E-8
882	1.97424	4.03812E-8
883	1.97328	1.66474E-7
884	1.97325	2.64775E-8
885	1.9728	0
886	1.97316	4.74994E-10
887	1.97319	5.97292E-8
888	1.97313	3.97852E-9
889	1.97109	2.6073E-8
890	1.97319	9.1583E-9
891	1.97096	1.30401E-9
892	1.97124	1.02041E-8
893	1.97212	8.8556E-10
894	1.97126	1.34515E-7
895	1.97073	2.44919E-8
896	1.96895	8.27859E-8
897	1.97186	1.92608E-8
898	1.97132	2.7904E-10
899	1.97034	7.11831E-9
900	1.97028	5.92441E-10
901	1.96979	1.64741E-8
902	1.96957	5.27634E-10
903	1.96868	3.92129E-9
904	1.96872	0
905	1.96907	0
906	1.96886	2.70207E-8
907	1.96848	1.07292E-8
908	1.96903	3.21591E-9
909	1.966	1.84049E-8
910	1.96805	1.30825E-7
911	1.96813	0
912	1.96798	1.23295E-8
913	1.96852	6.4589E-8
914	1.96619	3.75863E-9
915	1.96689	4.372E-9
916	1.96696	7.54958E-8
917	1.96638	3.07499E-8
918	1.96553	4.81862E-9
919	1.96715	2.21733E-8
920	1.96628	0
921	1.96502	1.71129E-8
922	1.96647	4.09405E-8
923	1.96642	0
924	1.96423	3.34832E-10
925	1.9642	1.30899E-7
926	1.96566	0
927	1.96474	0
928	1.96298	2.88006E-9
929	1.96343	2.40288E-8
930	1.96568	1.88398E-9
931	1.96346	1.6171E-7
932	1.96344	1.65987E-9
933	1.96497	0
934	1.9628	1.08114E-8
935	1.96331	1.94454E-9
936	1.96281	1.90097E-9
937	1.96212	5.96399E-9
938	1.9616	0
939	1.96341	4.36322E-11
940	1.96284	1.07786E-6
941	1.96397	3.51391E-8
942	1.96156	0
943	1.95632	1.87587E-10
944	1.96049	1.29523E-9
945	1.96061	1.32306E-8
946	1.96522	7.21553E-9
947	1.96049	7.64006E-9
948	1.96172	3.83698E-8
949	1.9594	0
950	1.95896	2.32277E-9
951	1.96048	2.17643E-8
952	1.95796	0
953	1.95925	0
954	1.95973	1.43867E-7
955	1.96176	9.66247E-10
956	1.95973	9.16099E-8
957	1.9588	1.66231E-8
958	1.95857	0
959	1.95937	2.01391E-10
960	1.95859	6.75491E-9
961	1.95934	3.61199E-9
962	1.95889	7.38902E-9
963	1.95804	3.69528E-9
964	1.9588	5.08541E-8
965	1.96004	6.65131E-9
966	1.95889	0
967	1.95637	6.70155E-9
968	1.95415	7.69317E-8
969	1.95608	4.45594E-10
970	1.95496	1.90231E-8
971	1.95664	1.39872E-8
972	1.95586	5.10138E-8
973	1.95723	2.32277E-9
974	1.95579	7.54958E-9
975	1.95483	0
976	1.95465	1.77395E-8
977	1.95464	2.12328E-8
978	1.95865	0
979	1.95535	0
980	1.95281	1.06503E-8
981	1.95311	3.36334E-6
982	1.95586	0
983	1.95297	2.32277E-8
984	1.95286	2.65228E-8
985	1.95461	3.5967E-9
986	1.95127	0
987	1.95172	3.98116E-8
988	1.95443	4.18062E-8
989	1.95084	1.14801E-8
990	1.95525	7.54958E-8
991	1.95239	3.42473E-9
992	1.95169	1.0563E-8
993	1.95182	4.7185E-9
994	1.95364	1.58781E-9
995	1.95325	2.89441E-8
996	1.95124	1.25179E-8
997	1.94965	0
998	1.95076	6.5242E-9
999	1.95327	2.22528E-7
1000	1.94786	1.32139E-8
1001	1.95121	2.4958E-7
1002	1.95129	0
1003	1.9514	1.37311E-8
1004	1.9531	4.39418E-9
1005	1.95111	0
1006	1.94942	1.1602E-10
1007	1.95012	0
1008	1.94973	1.13321E-8
1009	1.94682	0
1010	1.94861	3.43179E-9
1011	1.95067	0
1012	1.9496	0
1013	1.9497	1.12173E-8
1014	1.94808	1.19619E-8
1015	1.94668	2.19733E-8
1016	1.94928	7.25193E-8
1017	1.94762	2.60199E-9
1018	1.94693	0
1019	1.94999	2.66109E-8
1020	1.9487	6.82173E-10
1021	1.94782	1.03029E-7
1022	1.94436	3.06811E-8
1023	1.94614	0
1024	1.94587	1.76357E-8
1025	1.94778	1.50697E-8
1026	1.9433	2.12874E-8
1027	1.94208	2.62229E-8
1028	1.94657	0
1029	1.94301	1.48118E-7
1030	1.94508	2.42249E-9
1031	1.9465	0
1032	1.94463	2.27742E-8
1033	1.94693	1.06784E-8
1034	1.94648	1.41729E-8
1035	1.9431	3.10431E-7
1036	1.94203	1.23771E-8
1037	1.94543	2.32277E-8
1038	1.94211	3.54506E-9
1039	1.94604	4.33804E-8
1040	1.94516	1.01635E-10
1041	1.94698	1.97556E-8
1042	1.94533	5.24543E-8
1043	1.94752	0
1044	1.94374	2.34153E-8
1045	1.94749	4.07874E-8
1046	1.94417	2.55084E-8
1047	1.94268	0
1048	1.94469	0
1049	1.94614	5.36913E-8
1050	1.94666	6.68832E-6
1051	1.94645	0
1052	1.94674	0
1053	1.94726	3.40996E-8
1054	1.94514	2.32277E-8
1055	1.9468	5.72097E-9
1056	1.94314	0
1057	1.94289	1.04097E-9
1058	1.94273	2.4823E-8
1059	1.94151	4.02455E-8
1060	1.94001	1.09986E-7
1061	1.93899	5.7303E-9
1062	1.93921	9.87503E-8
1063	1.93986	3.47426E-9
1064	1.94018	4.35914E-9
1065	1.94026	1.06949E-8
1066	1.94021	1.01644E-9
1067	1.94028	3.95068E-8
1068	1.94035	5.68059E-10
1069	1.94042	1.94645E-9
1070	1.94042	1.94645E-9
1071	1.94035	1.10706E-9
1072	1.94007	4.60335E-9
1073	1.93969	8.6125E-10
1074	1.93917	9.07227E-10
1075	1.93851	0
1076	1.93778	0
1077	1.93698	4.19086E-9
1078	1.93616	1.90124E-8
1079	1.93529	2.32044E-8
1080	1.93445	2.02132E-10
1081	1.93363	8.69443E-10
1082	1.93276	9.01273E-10
1083	1.93194	1.34261E-8
1084	1.931	3.55674E-9
1085	1.93002	6.71578E-9
1086	1.929	7.45446E-9
1087	1.928	5.5383E-8
1088	1.92704	3.71281E-10
1089	1.92614	2.57059E-8
1090	1.92533	0
1091	1.92461	0
1092	1.924	2.67289E-8
1093	1.92345	1.35043E-7
1094	1.92305	6.2213E-9
1095	1.9227	3.83643E-8
1096	1.92232	2.19586E-9
1097	1.92197	1.88727E-8
1098	1.92156	1.72407E-8
1099	1.92118	1.06236E-9
1100	1.92074	8.79735E-10
1101	1.9203	1.14694E-8
1102	1.9199	6.08987E-10
1103	1.91951	1.21659E-9
1104	1.91921	1.23833E-8
1105	1.91893	1.87486E-8
1106	1.91874	1.35547E-9
1107	1.91898	2.15238E-8
1108	1.91898	2.15238E-8
1109	1.91871	6.97855E-9
1110	1.91887	7.25042E-9
1111	1.91905	0
1112	1.91921	1.356E-8
1113	1.91953	2.16653E-8
1114	1.91981	1.49264E-9
1115	1.92012	0
1116	1.92045	7.35313E-9
1117	1.92081	1.13049E-8
1118	1.92121	2.49991E-7
1119	1.9216	3.35768E-8
1120	1.92206	5.88032E-11
1121	1.92249	1.41932E-8
1122	1.9229	0
1123	1.9233	5.11234E-8
1124	1.9236	5.97276E-11
1125	1.92385	8.60345E-9
1126	1.92399	2.31486E-7
1127	1.9241	2.70215E-8
1128	1.92414	3.15192E-9
1129	1.92409	0
1130	1.92401	0
1131	1.92389	1.16339E-8
1132	1.92375	4.77797E-8
1133	1.92358	5.39896E-8
1134	1.92329	4.94961E-9
1135	1.92298	0
1136	1.92264	0
1137	1.92224	1.71479E-8
1138	1.92181	0
1139	1.92136	3.84201E-8
1140	1.9209	2.60098E-9
1141	1.92047	3.8118E-8
1142	1.92003	1.72818E-8
1143	1.91971	3.83052E-10
1144	1.91946	1.00092E-8
1145	1.91913	1.29028E-8
1146	1.91887	2.06803E-9
1147	1.91869	1.08608E-9
1148	1.9185	0
1149	1.91829	1.27061E-10
1150	1.91806	4.25219E-9
1151	1.91778	0
1152	1.91747	0
1153	1.91711	1.14889E-7
1154	1.91672	1.3558E-8
1155	1.91623	9.43695E-9
1156	1.91576	4.19471E-9
1157	1.91526	1.18817E-8
1158	1.91479	2.66149E-7
1159	1.91436	4.54088E-10
1160	1.91392	1.62215E-8
1161	1.91353	2.40371E-8
1162	1.91317	1.5242E-9
1163	1.91282	4.83632E-10
1164	1.9125	3.35454E-9
1165	1.91224	5.09243E-10
1166	1.91196	3.20831E-9
1167	1.91172	3.67051E-8
1168	1.91149	2.17236E-7
1169	1.9114	4.26604E-8
1170	1.9112	7.31066E-9
1171	1.91101	4.62282E-8
1172	1.91087	2.28191E-9
1173	1.91076	0
1174	1.91065	9.61702E-10
1175	1.91064	1.16023E-7
1176	1.91061	4.92979E-8
1177	1.91053	5.18501E-9
1178	1.91054	4.37203E-9
1179	1.91051	2.98333E-9
1180	1.91049	6.21359E-10
1181	1.91046	2.43605E-8
1182	1.91042	5.95784E-9
1183	1.91022	2.97649E-9
1184	1.91006	1.52822E-8
1185	1.90974	1.59147E-8
1186	1.90939	4.72804E-8
1187	1.90895	0
1188	1.90842	7.05323E-8
1189	1.90783	3.88904E-8
1190	1.90715	3.0364E-9
1191	1.90636	1.68585E-8
1192	1.90555	3.54072E-8
1193	1.90465	0
1194	1.90375	1.41025E-8
1195	1.90284	8.43383E-9
1196	1.90196	2.82704E-8
1197	1.90122	0
1198	1.90053	1.00319E-9
1199	1.89996	7.63146E-8
1200	1.8994	3.65969E-9
1201	1.89898	2.39254E-8
1202	1.8986	2.67094E-9
1203	1.89833	5.85038E-8
1204	1.89813	8.35725E-9
1205	1.89799	0
1206	1.89792	3.68447E-8
1207	1.89789	0
1208	1.89793	1.07564E-8
1209	1.89798	4.61074E-8
1210	1.89807	5.70508E-8
1211	1.89817	8.48875E-9
1212	1.89829	1.20576E-8
1213	1.89845	4.77076E-9
1214	1.89853	4.99514E-6
1215	1.89874	0
1216	1.8989	4.56285E-9
1217	1.8991	2.00712E-8
1218	1.89932	2.60939E-9
1219	1.89958	8.9443E-10
1220	1.89981	5.03857E-9
1221	1.90025	2.16148E-8
1222	1.90059	4.47973E-10
1223	1.90099	8.56775E-10
1224	1.90141	2.94717E-11
1225	1.90182	2.32277E-8
1226	1.90224	1.49681E-8
1227	1.90264	2.74939E-8
1228	1.903	0
1229	1.90331	1.3965E-8
1230	1.90358	6.00104E-8
1231	1.90376	3.07965E-9
1232	1.90386	2.32277E-9
1233	1.90388	1.32084E-9
1234	1.90379	1.02183E-7
1235	1.90364	1.75356E-8
1236	1.90339	1.26464E-9
1237	1.9031	7.20452E-11
1238	1.90279	1.86959E-9
1239	1.90245	0
1240	1.90209	4.67498E-7
1241	1.90162	1.85619E-8
1242	1.90113	0
1243	1.90058	3.32904E-8
1244	1.90003	1.74343E-11
1245	1.89935	3.55861E-9
1246	1.89867	1.94535E-9
1247	1.89794	0
1248	1.89717	1.53374E-9
1249	1.8964	7.62252E-10
1250	1.89559	2.14793E-8
1251	1.89479	6.68355E-8
1252	1.89403	1.14543E-8
1253	1.89324	0
1254	1.89247	0
1255	1.89169	4.4006E-7
1256	1.89091	1.0757E-9
1257	1.8901	6.64623E-8
1258	1.88923	1.83823E-6
1259	1.88851	7.72858E-9
1260	1.88772	0
1261	1.88702	2.58818E-9
1262	1.88629	0
1263	1.88562	3.95466E-8
1264	1.88508	6.43304E-9
1265	1.88457	0
1266	1.88413	2.14717E-8
1267	1.88379	0
1268	1.88351	8.99861E-9
1269	1.88331	1.18339E-8
1270	1.88317	1.11892E-8
1271	1.88309	8.16266E-8
1272	1.88305	0
1273	1.88305	5.95667E-9
1274	1.8831	0
1275	1.88317	0
1276	1.88325	0
1277	1.88334	0
1278	1.88339	0
1279	1.88343	3.09373E-8
1280	1.88346	2.40683E-9
1281	1.88351	7.14929E-9
1282	1.88342	4.10698E-8
1283	1.88336	2.40619E-9
1284	1.88325	2.00433E-8
1285	1.88318	1.09543E-8
1286	1.88306	0
1287	1.88297	3.65587E-10
1288	1.88295	8.51992E-8
1289	1.88281	2.78409E-7
1290	1.88275	3.58505E-8
1291	1.88269	7.70821E-8
1292	1.88264	2.00069E-8
1293	1.88254	1.18361E-7
1294	1.88245	0
1295	1.88234	4.78448E-9
1296	1.8822	0
1297	1.88201	1.62843E-8
1298	1.88179	6.18446E-10
1299	1.88154	1.91377E-8
1300	1.88123	0
1301	1.88088	7.13794E-8
1302	1.88054	1.01763E-7
1303	1.88011	3.084E-8
1304	1.87968	7.02901E-9
1305	1.87924	6.64362E-9
1306	1.87883	9.02223E-9
1307	1.87837	4.23413E-8
1308	1.87804	1.74676E-7
1309	1.87763	3.92782E-8
1310	1.87731	7.37141E-8
1311	1.87685	2.55323E-7
1312	1.87665	4.87363E-11
1313	1.87641	0
1314	1.87619	2.30986E-8
1315	1.87601	1.0709E-9
1316	1.87588	1.07344E-9
1317	1.87576	2.09822E-9
1318	1.8757	8.96205E-9
1319	1.87569	0
1320	1.87571	1.0226E-8
1321	1.87577	3.18329E-9
1322	1.87593	1.57899E-7
1323	1.87604	1.7086E-9
1324	1.87611	1.59852E-7
1325	1.87635	3.95982E-9
1326	1.8765	2.4014E-9
1327	1.87666	2.5117E-9
1328	1.87679	4.00471E-8
1329	1.87684	6.03298E-9
1330	1.87696	6.72113E-9
1331	1.87698	0
1332	1.87701	0
1333	1.87703	7.42085E-9
1334	1.87704	2.6523E-9
1335	1.87708	3.05895E-9
1336	1.87719	1.74177E-8
1337	1.87727	0
1338	1.87739	9.18897E-10
1339	1.87759	3.94164E-8
1340	1.87784	7.34797E-9
1341	1.87808	7.0307E-9
1342	1.87837	2.75969E-8
1343	1.87869	2.6451E-8
1344	1.87908	0
1345	1.87946	2.18672E-9
1346	1.87968	0
1347	1.88018	6.33157E-9
1348	1.88054	4.87857E-8
1349	1.88078	1.41729E-8
1350	1.88103	0
1351	1.88118	0
1352	1.88125	6.08864E-10
1353	1.88128	9.12384E-10
1354	1.88121	9.96266E-8
1355	1.88102	1.11023E-10
1356	1.88078	1.41729E-8
1357	1.88047	1.41729E-8
1358	1.88007	0
1359	1.87965	1.41729E-8
1360	1.87915	1.07931E-8
1361	1.87854	7.83545E-9
1362	1.87808	7.0307E-9
1363	1.87755	8.02932E-11
1364	1.87703	1.14969E-9
1365	1.8765	0
1366	1.87598	0
1367	1.87548	4.1076E-8
1368	1.87489	5.10009E-8
1369	1.87446	1.08614E-13
1370	1.87398	2.58927E-8
1371	1.87349	4.04405E-8
1372	1.87298	2.51546E-10
1373	1.87252	0
1374	1.87203	2.13638E-7
1375	1.87153	1.7618E-9
1376	1.87102	9.28607E-8
1377	1.87047	3.12102E-8
1378	1.86992	8.0696E-8
1379	1.86942	6.1636E-9
1380	1.86885	0
1381	1.86827	3.50947E-8
1382	1.86768	0
1383	1.86712	3.23744E-9
1384	1.86653	1.49934E-9
1385	1.86605	5.59257E-9
1386	1.86547	7.62137E-9
1387	1.86503	5.15316E-7
1388	1.86452	5.26173E-9
1389	1.86409	1.72627E-8
1390	1.86367	1.30894E-9
1391	1.86328	1.17639E-8
1392	1.86288	2.52621E-7
1393	1.86242	2.48662E-8
1394	1.86223	0
1395	1.86189	0
1396	1.86155	0
1397	1.8612	1.84852E-9
1398	1.86081	7.85102E-9
1399	1.86042	0
1400	1.85998	8.88912E-8
1401	1.85956	4.11492E-9
1402	1.8591	3.51809E-10
1403	1.85861	4.70888E-9
1404	1.85809	1.6304E-9
1405	1.85756	0
1406	1.85704	6.41088E-10
1407	1.85647	5.69804E-10
1408	1.85595	1.17789E-8
1409	1.85539	1.56175E-9
1410	1.85487	7.89398E-9
1411	1.85436	2.00048E-8
1412	1.8539	7.84526E-10
1413	1.85348	5.17306E-9
1414	1.85311	5.81018E-10
1415	1.85277	2.80533E-8
1416	1.85249	3.4411E-8
1417	1.85217	6.31243E-9
1418	1.85194	1.96256E-9
1419	1.85177	0
1420	1.85159	9.4249E-9
1421	1.85142	1.80346E-8
1422	1.85134	1.17534E-8
1423	1.85109	9.30632E-8
1424	1.85089	3.13865E-8
1425	1.85071	0
1426	1.85051	0
1427	1.8503	2.33835E-8
1428	1.85004	7.1605E-9
1429	1.84985	2.67222E-8
1430	1.84957	4.95063E-11
1431	1.84926	1.33012E-9
1432	1.84888	1.04444E-7
1433	1.8486	5.96099E-8
1434	1.8487	9.84923E-8
1435	1.84784	6.96082E-10
1436	1.84708	5.33874E-7
1437	1.84729	1.73811E-8
1438	1.84656	4.77102E-9
1439	1.84612	6.59704E-9
1440	1.84562	4.9642E-9
1441	1.84511	2.67008E-8
1442	1.84474	0
1443	1.84431	3.52227E-9
1444	1.84391	3.10121E-9
1445	1.84348	2.41888E-8
1446	1.84319	1.01591E-8
1447	1.8429	7.46905E-9
1448	1.84266	4.12832E-11
1449	1.84249	5.40199E-9
1450	1.84231	4.25909E-9
1451	1.84216	2.30233E-9
1452	1.84205	9.69069E-10
1453	1.84197	1.34719E-8
1454	1.84183	5.09569E-9
1455	1.84176	1.28476E-8
1456	1.84166	2.09263E-9
1457	1.84158	5.10944E-8
1458	1.84147	8.62473E-9
1459	1.8413	2.10843E-8
1460	1.84122	1.4322E-8
1461	1.84103	0
1462	1.84086	2.88965E-9
1463	1.84067	0
1464	1.84048	3.11407E-9
1465	1.84027	2.69437E-8
1466	1.84002	9.5514E-9
1467	1.8398	4.55953E-8
1468	1.83955	2.6963E-8
1469	1.83932	4.59563E-9
1470	1.83907	3.13426E-8
1471	1.83884	0
1472	1.83861	2.34675E-9
1473	1.8384	3.344E-10
1474	1.8382	4.14372E-8
1475	1.83797	1.60254E-8
1476	1.83779	0
1477	1.83762	6.23117E-9
1478	1.83744	5.21555E-8
1479	1.83723	1.96892E-8
1480	1.83702	0
1481	1.83653	1.2865E-8
1482	1.83654	4.02986E-9
1483	1.83654	3.01262E-9
1484	1.83619	7.85102E-9
1485	1.83656	2.46862E-9
1486	1.83564	3.48091E-8
1487	1.83571	7.76796E-9
1488	1.83516	2.56353E-8
1489	1.83487	3.27283E-8
1490	1.83461	4.57989E-9
1491	1.83433	5.84614E-9
1492	1.83405	2.20355E-8
1493	1.83378	0
1494	1.8335	1.08442E-8
1495	1.83323	1.26741E-8
1496	1.833	1.35942E-7
1497	1.83276	2.99872E-10
1498	1.83254	2.3458E-10
1499	1.83233	4.74724E-9
1500	1.83216	3.09797E-8
1501	1.83201	3.89935E-9
1502	1.83185	2.44787E-8
1503	1.83177	8.09486E-9
1504	1.83167	0
1505	1.83158	0
1506	1.8315	0
1507	1.83142	0
1508	1.83132	3.29268E-9
1509	1.83126	5.86825E-8
1510	1.83115	3.5371E-8
1511	1.83105	2.327E-8
1512	1.83092	5.19348E-8
1513	1.83079	0
1514	1.83061	0
1515	1.83041	2.97483E-8
1516	1.83014	5.48543E-8
1517	1.82997	1.26152E-9
1518	1.82964	0
1519	1.82938	2.83112E-8
1520	1.82904	3.2784E-9
1521	1.82876	5.87358E-8
1522	1.82839	3.08415E-9
1523	1.82812	5.2094E-9
1524	1.82788	2.22591E-7
1525	1.82747	0
1526	1.82732	1.40295E-6
1527	1.82685	4.90476E-9
1528	1.82653	2.75179E-8
1529	1.8262	4.69383E-7
1530	1.82613	1.47571E-7
1531	1.82576	4.7107E-8
1532	1.8255	0
1533	1.82522	5.03992E-8
1534	1.825	1.60364E-8
1535	1.82478	6.2838E-9
1536	1.82452	3.64464E-11
1537	1.82428	6.35235E-9
1538	1.82402	5.2498E-8
1539	1.82382	3.36106E-9
1540	1.82361	1.76919E-7
1541	1.82328	0
1542	1.82302	7.78972E-11
1543	1.82278	4.42602E-8
1544	1.82245	0
1545	1.82216	0
1546	1.82179	1.715E-8
1547	1.82153	1.71662E-8
1548	1.82124	0
1549	1.82097	3.66002E-8
1550	1.82061	3.73037E-10
1551	1.82032	2.21266E-8
1552	1.82002	3.10981E-9
1553	1.81973	4.37735E-8
1554	1.81945	6.45889E-8
1555	1.81915	4.82631E-9
1556	1.8186	1.74419E-7
1557	1.81861	1.86162E-7
1558	1.81831	3.6095E-9
1559	1.81801	1.23761E-8
1560	1.81776	2.01393E-8
1561	1.81747	7.48707E-12
1562	1.8172	0
1563	1.81692	2.4205E-9
1564	1.81661	0
1565	1.81631	0
1566	1.81599	3.52435E-9
1567	1.81571	1.97608E-10
1568	1.81531	3.64916E-8
1569	1.81496	1.20694E-8
1570	1.81458	0
1571	1.81418	3.03676E-9
1572	1.81384	6.97695E-9
1573	1.81342	2.85043E-8
1574	1.81307	1.34429E-8
1575	1.81268	1.15446E-9
1576	1.81231	2.88552E-9
1577	1.81193	1.08223E-9
1578	1.81156	0
1579	1.81119	0
1580	1.81083	8.14675E-9
1581	1.81047	3.64494E-11
1582	1.81019	1.19595E-7
1583	1.8098	1.20321E-7
1584	1.80946	1.9471E-9
1585	1.80909	2.10388E-8
1586	1.80877	1.7506E-9
1587	1.80843	0
1588	1.8081	0
1589	1.80777	1.14135E-8
1590	1.80743	0
1591	1.80724	3.07938E-7
1592	1.80685	2.2906E-8
1593	1.80646	1.88051E-8
1594	1.80609	0
1595	1.80575	5.49026E-8
1596	1.80543	4.90909E-8
1597	1.80508	4.66829E-9
1598	1.80475	4.5535E-8
1599	1.80445	0
1600	1.80425	3.23919E-8
1601	1.80388	7.93578E-9
1602	1.80357	9.20666E-8
1603	1.8032	2.35118E-9
1604	1.80284	2.00154E-7
1605	1.80263	8.97089E-8
1606	1.8024	2.2236E-9
1607	1.80198	2.65342E-7
1608	1.80184	2.94515E-9
1609	1.80156	1.445E-8
1610	1.80121	4.23351E-8
1611	1.80104	0
1612	1.80077	1.43004E-7
1613	1.80058	1.17276E-6
1614	1.8002	2.04254E-10
1615	1.79991	2.3882E-8
1616	1.79963	8.36585E-9
1617	1.79915	4.64514E-9
1618	1.79903	0
1619	1.79863	0
1620	1.79841	1.74612E-9
1621	1.7981	0
1622	1.79778	2.32277E-8
1623	1.79746	2.32277E-9
1624	1.79714	2.40603E-8
1625	1.79687	0
1626	1.79654	1.68117E-8
1627	1.7962	0
1628	1.79587	6.06863E-6
1629	1.79559	0
1630	1.79525	5.09542E-9
1631	1.795	0
1632	1.79472	0
1633	1.79444	0
1634	1.79418	2.35135E-9
1635	1.7939	0
1636	1.79365	0
1637	1.79339	0
1638	1.79327	2.02374E-5
1639	1.79307	2.00497E-5
1640	1.79264	0
1641	1.7924	0
1642	1.79217	0
1643	1.79194	4.72541E-9
1644	1.79174	2.32277E-8
1645	1.79152	1.5186E-9
1646	1.79115	9.88497E-8
1647	1.791	4.41195E-8
1648	1.7908	1.38163E-8
1649	1.79059	1.37628E-7
1650	1.79033	0
1651	1.79016	2.73509E-8
1652	1.78987	0
1653	1.78963	0
1654	1.78941	2.32277E-8
1655	1.78916	4.74958E-8
1656	1.78892	3.86135E-9
1657	1.78866	8.21639E-9
1658	1.78851	6.20826E-7
1659	1.78816	0
1660	1.78787	2.18429E-7
1661	1.78766	5.72848E-8
1662	1.7874	2.47999E-9
1663	1.78716	3.53189E-9
1664	1.78686	2.88579E-7
1665	1.78669	2.51218E-9
1666	1.78647	2.24112E-8
1667	1.78624	4.13308E-8
1668	1.78587	1.88424E-7
1669	1.7857	0
1670	1.78542	1.48836E-7
1671	1.7852	1.24168E-8
1672	1.7849	6.08613E-9
1673	1.78463	0
1674	1.78435	4.56856E-9
1675	1.78405	3.27038E-9
1676	1.78382	8.47872E-8
1677	1.78347	0
1678	1.78316	2.32277E-8
1679	1.78285	0
1680	1.78253	0
1681	1.78221	0
1682	1.78188	2.21037E-6
1683	1.78158	2.20629E-8
1684	1.78125	1.97912E-8
1685	1.78092	1.58673E-9
1686	1.78056	8.37196E-9
1687	1.78024	4.93953E-9
1688	1.77993	1.91377E-9
1689	1.77964	5.07213E-9
1690	1.77933	2.71977E-9
1691	1.77897	1.80131E-8
1692	1.7787	1.37651E-9
1693	1.77841	2.38499E-10
1694	1.77805	8.06922E-9
1695	1.77774	2.29739E-8
1696	1.77742	3.32892E-10
1697	1.77708	5.81008E-8
1698	1.77673	3.99248E-8
1699	1.7764	5.06283E-8
1700	1.77594	2.59795E-8
1701	1.77561	9.19081E-9
1702	1.7752	3.80712E-8
1703	1.77479	1.15216E-8
1704	1.7744	7.97955E-10
1705	1.77401	8.77796E-8
1706	1.77352	1.53681E-9
1707	1.77304	3.55772E-8
1708	1.77259	1.34978E-8
1709	1.7722	1.22673E-9
1710	1.77174	0
1711	1.77128	3.78148E-8
1712	1.77086	0
1713	1.77045	7.74361E-10
1714	1.77	0
1715	1.7696	0
1716	1.76922	4.28946E-8
1717	1.76892	6.10025E-7
1718	1.76846	2.32277E-8
1719	1.7681	2.85686E-8
1720	1.76776	2.99348E-9
1721	1.76744	0
1722	1.76714	1.24043E-8
1723	1.7668	4.55701E-9
1724	1.7665	9.99102E-9
1725	1.76623	0
1726	1.76595	2.36736E-9
1727	1.76565	3.83569E-8
1728	1.76536	1.80573E-9
1729	1.76509	1.24169E-8
1730	1.76481	0
1731	1.76442	7.8521E-9
1732	1.76421	6.22785E-8
1733	1.76398	6.71019E-9
1734	1.76365	7.94215E-9
1735	1.76344	9.16168E-8
1736	1.76312	7.75143E-9
1737	1.76286	1.66844E-7
1738	1.76254	5.69036E-10
1739	1.76226	1.41323E-8
1740	1.76195	7.95106E-8
1741	1.76165	0
1742	1.76135	0
1743	1.76102	9.13419E-9
1744	1.76081	1.13975E-9
1745	1.76041	1.18749E-8
1746	1.76014	3.95529E-9
1747	1.75988	1.03432E-10
1748	1.75959	1.8118E-8
1749	1.7593	2.03139E-8
1750	1.759	2.33302E-8
1751	1.75874	8.17785E-7
1752	1.75844	1.96298E-11
1753	1.75822	2.12373E-8
1754	1.75786	1.99495E-9
1755	1.75759	1.22686E-10
1756	1.75731	0
1757	1.757	3.32771E-9
1758	1.75676	5.58233E-10
1759	1.75651	4.86266E-9
1760	1.75622	1.69487E-9
1761	1.75596	1.07495E-10
1762	1.75568	2.28912E-9
1763	1.75542	1.78109E-8
1764	1.75516	0
1765	1.75491	3.04393E-8
1766	1.75465	2.81745E-9
1767	1.7544	4.18959E-9
1768	1.7542	1.46275E-8
1769	1.75384	2.02157E-7
1770	1.75371	1.86773E-8
1771	1.75343	9.80367E-11
1772	1.75316	6.62095E-8
1773	1.75298	6.76102E-9
1774	1.75269	3.26144E-8
1775	1.75246	0
1776	1.75226	1.61669E-8
1777	1.75198	2.42541E-9
1778	1.75161	2.51901E-7
1779	1.75149	1.14661E-8
1780	1.75124	0
1781	1.75104	1.43346E-8
1782	1.75074	0
1783	1.75048	2.87139E-8
1784	1.75014	3.44748E-8
1785	1.74996	3.5295E-8
1786	1.74971	4.23413E-8
1787	1.74944	0
1788	1.7491	9.47743E-10
1789	1.7489	0
1790	1.74861	1.95382E-9
1791	1.74836	7.32305E-9
1792	1.74808	8.84129E-10
1793	1.74776	3.00671E-9
1794	1.74755	5.03919E-9
1795	1.74719	1.0879E-9
1796	1.74697	4.1288E-8
1797	1.74661	6.80646E-12
1798	1.74631	0
1799	1.746	3.16407E-10
1800	1.74564	2.98653E-10
1801	1.74538	0
1802	1.74509	4.44723E-8
1803	1.74461	5.2625E-8
1804	1.74442	2.78505E-8
1805	1.74412	2.23193E-8
1806	1.7438	2.93562E-9
1807	1.7435	2.20223E-7
1808	1.74316	3.38715E-8
1809	1.74282	0
1810	1.74252	0
1811	1.74225	2.98053E-9
1812	1.74195	2.22711E-9
1813	1.74162	0
1814	1.7413	8.08004E-10
1815	1.74103	8.69118E-10
1816	1.74075	0
1817	1.74047	0
1818	1.7402	1.35821E-8
1819	1.73991	1.31167E-8
1820	1.73959	2.49234E-8
1821	1.73933	8.01274E-9
1822	1.73913	6.79197E-9
1823	1.73882	1.5898E-8
1824	1.73838	1.61387E-8
1825	1.73825	2.39285E-8
1826	1.73791	5.63482E-8
1827	1.73764	1.5777E-8
1828	1.73733	3.75188E-10
1829	1.73702	3.41342E-10
1830	1.7367	4.66171E-7
1831	1.73622	4.30296E-8
1832	1.73605	1.6018E-9
1833	1.7358	3.85769E-9
1834	1.73577	9.25389E-8
1835	1.7324	0
1836	1.72835	0
1837	1.7277	3.82161E-9
1838	1.72764	9.08972E-10
1839	1.72728	1.15201E-8
1840	1.72685	9.53363E-8
1841	1.7265	2.64471E-8
1842	1.72608	6.42457E-9
1843	1.72572	3.28946E-9
1844	1.72536	1.07748E-9
1845	1.72496	0
1846	1.72465	2.16524E-8
1847	1.72421	9.15992E-11
1848	1.72384	8.8879E-9
1849	1.72346	6.73647E-10
1850	1.72308	2.04593E-8
1851	1.72274	0
1852	1.72236	4.67947E-9
1853	1.72207	9.72658E-8
1854	1.72168	2.17815E-9
1855	1.72137	1.56152E-9
1856	1.72126	1.51404E-8
1857	1.7207	1.87448E-9
1858	1.7204	0
1859	1.72015	1.13504E-8
1860	1.7198	3.3786E-8
1861	1.71942	5.10014E-8
1862	1.71916	4.07889E-10
1863	1.71886	0
1864	1.71856	1.38384E-9
1865	1.71825	0
1866	1.71786	9.57232E-8
1867	1.71767	1.07345E-8
1868	1.71737	2.56764E-9
1869	1.71699	6.94316E-9
1870	1.71673	6.99983E-8
1871	1.71645	2.30942E-9
1872	1.71623	1.40336E-7
1873	1.71591	1.2773E-8
1874	1.71559	2.38184E-9
1875	1.71534	1.88759E-8
1876	1.71491	2.53666E-8
1877	1.71456	4.08252E-7
1878	1.71437	3.41041E-9
1879	1.71402	1.82428E-10
1880	1.71369	1.1584E-7
1881	1.71348	1.11411E-9
1882	1.71316	9.22671E-9
1883	1.7129	1.31879E-8
1884	1.71245	8.42989E-9
1885	1.712	6.63669E-8
1886	1.71185	4.34199E-8
1887	1.71137	1.28099E-8
1888	1.71116	7.54958E-8
1889	1.71086	1.41346E-8
1890	1.71046	1.20531E-8
1891	1.71006	2.32277E-8
1892	1.70972	8.79477E-9
1893	1.70928	2.32277E-8
1894	1.70903	7.84127E-10
1895	1.70864	1.48527E-9
1896	1.70828	0
1897	1.70791	8.68678E-11
1898	1.70757	1.22261E-9
1899	1.70713	6.66859E-10
1900	1.70682	1.80194E-7
1901	1.70638	1.63777E-8
1902	1.70602	8.08585E-7
1903	1.70561	3.47957E-8
1904	1.70522	6.69439E-9
1905	1.70482	1.20594E-8
1906	1.70442	1.0527E-8
1907	1.70402	3.79318E-9
1908	1.70362	9.11803E-9
1909	1.70317	1.36778E-7
1910	1.70283	9.31521E-10
1911	1.70238	2.87006E-10
1912	1.70208	3.60297E-9
1913	1.70158	3.21607E-8
1914	1.70116	7.54958E-8
1915	1.70065	6.91839E-7
1916	1.70038	1.88679E-8
1917	1.69997	2.32277E-9
1918	1.69964	5.07008E-8
1919	1.69913	8.41067E-11
1920	1.6987	7.96234E-8
1921	1.69828	1.76466E-8
1922	1.69788	3.55789E-10
1923	1.69728	3.42304E-8
1924	1.69716	2.86047E-9
1925	1.69665	9.33767E-9
1926	1.69627	0
1927	1.69594	1.45239E-8
1928	1.69546	1.38762E-11
1929	1.69509	2.21026E-8
1930	1.69471	5.28198E-10
1931	1.69436	2.53867E-10
1932	1.69392	3.89019E-10
1933	1.69366	0
1934	1.69332	4.46477E-8
1935	1.69296	4.80772E-9
1936	1.69262	4.12237E-9
1937	1.6923	2.46327E-9
1938	1.69194	0
1939	1.69133	4.28435E-9
1940	1.69123	7.82226E-9
1941	1.6909	3.21845E-9
1942	1.69057	1.30392E-9
1943	1.69014	4.2727E-8
1944	1.68991	3.07526E-10
1945	1.6896	6.98343E-8
1946	1.68922	0
1947	1.68887	1.09074E-8
1948	1.68851	9.18604E-9
1949	1.68818	0
1950	1.68792	4.98198E-10
1951	1.68749	5.33164E-10
1952	1.68702	2.86058E-8
1953	1.68671	2.00484E-10
1954	1.68638	0
1955	1.68609	6.69348E-9
1956	1.68566	1.49855E-8
1957	1.68528	2.63584E-7
1958	1.68502	7.3161E-8
1959	1.68449	1.6367E-10
1960	1.6842	6.92594E-8
1961	1.68374	6.72053E-8
1962	1.68341	3.79414E-10
1963	1.68313	4.56113E-8
1964	1.68266	1.3932E-7
1965	1.68235	0
1966	1.682	1.81245E-10
1967	1.68167	8.13464E-9
1968	1.68127	1.51406E-10
1969	1.68095	8.08296E-10
1970	1.68061	4.37985E-8
1971	1.68032	2.90298E-8
1972	1.68004	1.77588E-8
1973	1.67961	1.1249E-7
1974	1.6794	7.54958E-8
1975	1.67906	1.9352E-8
1976	1.67871	4.59812E-8
1977	1.67837	1.54284E-9
1978	1.67804	6.34507E-9
1979	1.67774	0
1980	1.67744	8.31097E-9
1981	1.67696	1.34637E-6
1982	1.67681	6.05868E-9
1983	1.67645	1.97298E-8
1984	1.67613	1.28595E-9
1985	1.67576	3.19734E-8
1986	1.67547	7.34143E-9
1987	1.67515	0
1988	1.67477	3.57968E-8
1989	1.67446	4.68727E-9
1990	1.67424	1.0317E-9
1991	1.67365	4.48941E-9
1992	1.67348	2.9535E-8
1993	1.67312	0
1994	1.67276	7.57817E-9
1995	1.67242	0
1996	1.67207	3.25357E-10
1997	1.6717	6.6617E-10
1998	1.6714	1.43615E-8
1999	1.67103	7.85102E-9
2000	1.6708	7.35452E-8
2001	1.67035	9.56657E-9
2002	1.66995	1.11743E-7
2003	1.66964	1.49019E-9
2004	1.66926	4.08077E-10
2005	1.66889	2.93623E-8
2006	1.66859	1.03455E-9
2007	1.66819	2.65305E-8
2008	1.66785	2.79822E-8
2009	1.66751	3.07517E-8
2010	1.66719	0
2011	1.66686	2.25259E-8
2012	1.66656	4.87856E-9
2013	1.66621	7.89384E-9
2014	1.6661	5.6594E-8
2015	1.66552	1.41323E-8
2016	1.66524	8.96167E-9
2017	1.66491	4.37402E-8
2018	1.66463	0
2019	1.66429	4.7629E-9
2020	1.66399	1.02502E-7
2021	1.66366	7.47184E-8
2022	1.66344	1.68206E-8
2023	1.66315	2.59274E-8
2024	1.66285	1.3514E-8
2025	1.66259	6.53161E-8
2026	1.66226	2.32277E-8
2027	1.66188	8.37649E-8
2028	1.6617	4.98767E-8
2029	1.66141	5.33334E-9
2030	1.66111	0
2031	1.66085	1.84398E-8
2032	1.66057	2.26553E-8
2033	1.66023	7.33679E-8
2034	1.65993	0
2035	1.65961	1.52822E-7
2036	1.65934	1.27898E-9
2037	1.65905	4.93103E-9
2038	1.65865	2.32277E-8
2039	1.65842	1.6067E-8
2040	1.65805	5.79679E-8
2041	1.65785	2.66382E-8
2042	1.65732	1.54487E-7
2043	1.65707	7.02919E-9
2044	1.65672	4.27201E-8
2045	1.65634	7.14618E-9
2046	1.65596	3.66852E-8
2047	1.65571	1.11321E-7
2048	1.65535	1.89891E-9
2049	1.65493	9.1705E-9
2050	1.65462	1.27046E-10
2051	1.65425	1.25591E-8
2052	1.65389	4.29806E-8
2053	1.65349	4.23397E-9
2054	1.65313	2.06042E-9
2055	1.65275	7.37352E-10
2056	1.65237	0
2057	1.65192	1.4739E-7
2058	1.6516	1.31764E-9
2059	1.65121	0
2060	1.65091	1.59257E-9
2061	1.65044	0
2062	1.65001	6.29382E-9
2063	1.64968	0
2064	1.64928	1.79831E-9
2065	1.64894	1.4988E-7
2066	1.64847	2.29885E-8
2067	1.64812	7.38902E-8
2068	1.64769	4.00796E-9
2069	1.6473	2.04073E-7
2070	1.64691	5.18624E-8
2071	1.64653	2.18413E-10
2072	1.64614	0
2073	1.64574	4.12356E-8
2074	1.64538	2.23451E-8
2075	1.64494	4.22528E-8
2076	1.64454	4.22761E-8
2077	1.64412	7.05246E-9
2078	1.64372	0
2079	1.64331	0
2080	1.64289	0
2081	1.64246	2.65679E-7
2082	1.64206	7.60968E-9
2083	1.64161	5.98441E-8
2084	1.64122	0
2085	1.64076	1.2264E-9
2086	1.64044	2.39565E-8
2087	1.63997	1.51211E-7
2088	1.63957	8.54544E-8
2089	1.63912	0
2090	1.63863	1.63572E-8
2091	1.63837	2.3581E-7
2092	1.63787	5.79646E-9
2093	1.63743	1.38955E-8
2094	1.63708	8.44407E-9
2095	1.63665	1.37766E-8
2096	1.63632	1.93948E-8
2097	1.63588	0
2098	1.63547	5.51564E-6
2099	1.63502	1.43856E-8
2100	1.6347	3.16146E-8
2101	1.63439	6.83092E-9
2102	1.63402	1.9808E-9
2103	1.63375	1.17132E-8
2104	1.63337	2.26255E-8
2105	1.63297	2.37829E-8
2106	1.6326	6.67959E-8
2107	1.63237	0
2108	1.63205	2.56943E-8
2109	1.63177	3.98306E-9
2110	1.63147	0
2111	1.63119	1.22477E-8
2112	1.6309	1.26812E-8
2113	1.63063	0
2114	1.63035	0
2115	1.63011	1.35214E-8
2116	1.6298	0
2117	1.62953	1.29445E-7
2118	1.62917	3.2243E-8
2119	1.62903	5.39006E-10
2120	1.62878	2.05093E-8
2121	1.62847	3.29319E-9
2122	1.62821	1.96111E-8
2123	1.62791	7.25518E-9
2124	1.62763	2.32277E-7
2125	1.62737	0
2126	1.6271	2.56197E-9
2127	1.62685	5.87029E-8
2128	1.62651	4.13843E-9
2129	1.62627	7.5547E-8
2130	1.62601	3.84002E-8
2131	1.62562	4.02385E-9
2132	1.62538	1.47582E-8
2133	1.62506	5.60995E-9
2134	1.62477	2.11153E-7
2135	1.62445	0
2136	1.62423	4.86336E-8
2137	1.6238	2.11676E-8
2138	1.62349	0
2139	1.62314	2.6722E-9
2140	1.62284	4.12356E-8
2141	1.62254	9.00938E-9
2142	1.62214	3.22755E-9
2143	1.62182	2.97556E-8
2144	1.6215	2.99532E-8
2145	1.62119	5.73658E-9
2146	1.62078	1.53756E-8
2147	1.62041	0
2148	1.62005	1.85351E-9
2149	1.61971	1.31136E-7
2150	1.61921	3.16203E-8
2151	1.61866	3.85855E-7
2152	1.61857	0
2153	1.61817	1.86647E-8
2154	1.61781	9.84234E-9
2155	1.61746	6.50854E-8
2156	1.61707	9.17257E-9
2157	1.61663	2.72368E-8
2158	1.6162	4.53426E-8
2159	1.61582	7.10111E-9
2160	1.61549	1.0867E-8
2161	1.61512	2.01668E-9
2162	1.6147	3.62202E-8
2163	1.61425	2.37324E-8
2164	1.61387	2.22809E-8
2165	1.61343	0
2166	1.61299	1.48137E-9
2167	1.61263	2.32277E-8
2168	1.61219	0
2169	1.61181	3.68307E-7
2170	1.61138	6.35611E-8
2171	1.61094	4.48644E-8
2172	1.61052	0
2173	1.6101	0
2174	1.60967	1.83067E-7
2175	1.60921	2.32277E-8
2176	1.60885	0
2177	1.60842	1.03913E-9
2178	1.60801	3.18761E-8
2179	1.6076	9.37368E-9
2180	1.60715	1.17003E-8
2181	1.60677	0
2182	1.60635	0
2183	1.60594	2.8103E-9
2184	1.60552	0
2185	1.60511	0
2186	1.6046	3.45353E-8
2187	1.60428	0
2188	1.60386	0
2189	1.60348	3.34977E-7
2190	1.60294	1.11725E-8
2191	1.60254	1.37316E-8
2192	1.60219	7.84225E-8
2193	1.60177	0
2194	1.60125	3.95001E-8
2195	1.60097	6.65243E-9
2196	1.60053	1.09364E-8
2197	1.60008	3.00957E-8
2198	1.59969	7.32471E-9
2199	1.59923	2.74775E-10
2200	1.5988	9.09142E-8
2201	1.59839	6.21484E-8
2202	1.59803	1.11109E-7
2203	1.59749	2.48554E-9
2204	1.59711	0
2205	1.59668	0
2206	1.59629	9.80799E-8
2207	1.59579	2.03671E-7
2208	1.59532	3.40592E-8
2209	1.59486	2.40584E-7
2210	1.59454	1.24057E-7
2211	1.59415	8.2102E-8
2212	1.59368	4.32472E-10
2213	1.59327	6.77625E-8
2214	1.59282	9.53882E-11
2215	1.59239	3.70683E-9
2216	1.59195	1.41729E-8
2217	1.5915	2.83951E-8
2218	1.59107	1.08036E-8
2219	1.59039	9.67992E-6
2220	1.59018	0
2221	1.58969	2.25808E-8
2222	1.58928	0
2223	1.58882	9.2413E-10
2224	1.58841	1.62196E-7
2225	1.58792	5.11849E-12
2226	1.58745	1.20325E-9
2227	1.58699	7.54958E-9
2228	1.58646	6.06569E-9
2229	1.58618	7.61557E-8
2230	1.58556	2.32277E-8
2231	1.58506	1.12177E-7
2232	1.58462	4.80813E-10
2233	1.58413	1.702E-9
2234	1.58368	3.30966E-8
2235	1.58315	7.66886E-9
2236	1.58262	2.32277E-8
2237	1.58213	2.32277E-8
2238	1.58164	0
2239	1.58123	2.71642E-8
2240	1.58061	1.06132E-10
2241	1.5801	0
2242	1.57962	2.54864E-8
2243	1.57903	4.01146E-9
2244	1.57862	2.99348E-8
2245	1.57815	5.80282E-8
2246	1.57758	6.488E-8
2247	1.57704	0
2248	1.57656	8.91104E-9
2249	1.57605	0
2250	1.57556	3.30593E-9
2251	1.57526	2.00421E-7
2252	1.57466	1.78932E-9
2253	1.57412	1.92584E-9
2254	1.57368	0
2255	1.57314	2.93549E-7
2256	1.57277	4.83231E-8
2257	1.57233	1.87334E-10
2258	1.57189	0
2259	1.57144	5.27001E-8
2260	1.57105	1.04111E-7
2261	1.57065	2.03663E-7
2262	1.57022	2.48878E-8
2263	1.56973	3.04682E-9
2264	1.56935	7.2478E-8
2265	1.56894	4.5946E-9
2266	1.56852	3.17018E-9
2267	1.56813	7.8433E-9
2268	1.56771	0
2269	1.56731	9.24015E-9
2270	1.56688	2.79404E-9
2271	1.56662	8.67601E-10
2272	1.56609	1.84256E-9
2273	1.56559	1.01272E-7
2274	1.56525	1.96511E-9
2275	1.56484	2.79094E-9
2276	1.5644	6.92797E-9
2277	1.56396	6.3886E-8
2278	1.56361	4.47865E-9
2279	1.56312	8.81732E-8
2280	1.56268	0
2281	1.56226	3.42622E-8
2282	1.56169	8.13305E-8
2283	1.56127	1.48476E-7
2284	1.56076	3.13931E-8
2285	1.5603	0
2286	1.55962	1.8302E-7
2287	1.55924	4.21821E-7
2288	1.55878	1.29814E-10
2289	1.55832	9.60148E-8
2290	1.55775	1.89667E-8
2291	1.55717	4.21274E-7
2292	1.55667	1.49402E-8
2293	1.55613	4.48114E-8
2294	1.55562	2.0581E-9
2295	1.5553	3.69397E-7
2296	1.55456	0
2297	1.55404	5.18086E-8
2298	1.55352	1.64608E-8
2299	1.553	1.62681E-7
2300	1.55254	7.67712E-8
2301	1.55194	2.55849E-8
2302	1.55145	1.63049E-9
2303	1.55097	0
2304	1.55049	8.15087E-9
2305	1.54997	2.10909E-8
2306	1.5495	4.42159E-9
2307	1.54902	4.18151E-9
2308	1.54855	0
2309	1.54812	2.89748E-8
2310	1.54765	1.63336E-9
2311	1.5472	1.24214E-7
2312	1.5468	4.76041E-9
2313	1.54633	6.71823E-8
2314	1.54581	3.75148E-7
2315	1.54552	4.12529E-8
2316	1.54497	1.60577E-7
2317	1.5447	4.0213E-8
2318	1.54425	8.10704E-10
2319	1.54386	3.12769E-7
2320	1.54347	0
2321	1.54309	2.09779E-9
2322	1.54271	1.3519E-7
2323	1.54234	1.11853E-8
2324	1.542	5.8067E-10
2325	1.54155	5.19198E-8
2326	1.5412	1.26262E-7
2327	1.54072	6.22315E-9
2328	1.54052	1.08404E-7
2329	1.54001	2.19496E-8
2330	1.53966	1.4601E-8
2331	1.53928	1.08818E-7
2332	1.53887	7.01306E-8
2333	1.53849	7.87716E-8
2334	1.53754	2.75605E-9
2335	1.53768	1.40849E-7
2336	1.53723	1.03249E-7
2337	1.53678	1.39494E-8
2338	1.53636	3.66027E-6
2339	1.5359	3.92613E-8
2340	1.53538	5.06805E-8
2341	1.53494	1.54403E-8
2342	1.53451	2.13128E-8
2343	1.53399	2.55468E-7
2344	1.5336	0
2345	1.53311	5.69311E-10
2346	1.53267	5.58821E-8
2347	1.53214	5.59999E-9
2348	1.53163	0
2349	1.53105	0
2350	1.5305	2.35886E-9
2351	1.52996	2.19628E-7
2352	1.52951	1.13053E-9
2353	1.52906	8.08341E-8
2354	1.52843	7.6925E-8
2355	1.52796	0
2356	1.52751	1.86839E-7
2357	1.52702	3.06996E-7
2358	1.52638	1.51024E-8
2359	1.52582	4.41675E-9
2360	1.52526	1.48673E-8
2361	1.52471	2.48786E-9
2362	1.52415	5.88711E-8
2363	1.52363	9.2862E-10
2364	1.52305	1.40863E-7
2365	1.52267	9.1576E-8
2366	1.52183	1.34897E-7
2367	1.52134	2.0554E-8
2368	1.52078	5.54437E-8
2369	1.52016	3.79363E-9
2370	1.51984	5.07382E-8
2371	1.51899	2.85549E-8
2372	1.5184	2.91221E-10
2373	1.51772	1.14016E-7
2374	1.51724	1.31894E-7
2375	1.51651	7.35061E-8
2376	1.51594	7.79189E-8
2377	1.51532	1.33064E-7
2378	1.51471	4.67482E-8
2379	1.51417	2.83443E-7
2380	1.51339	1.8016E-6
2381	1.5128	7.66914E-8
2382	1.51235	6.81122E-8
2383	1.51156	5.87171E-8
2384	1.51104	4.73093E-8
2385	1.51036	1.9437E-7
2386	1.50979	2.12874E-9
2387	1.50881	1.42561E-8
2388	1.50865	3.4588E-8
2389	1.5079	6.20985E-9
2390	1.50723	5.71637E-8
2391	1.50672	1.07452E-7
2392	1.50599	3.76512E-11
2393	1.5054	8.24837E-8
2394	1.50495	6.88336E-8
2395	1.50408	2.58722E-8
2396	1.50346	2.53773E-8
2397	1.50272	5.74085E-8
2398	1.50209	3.33837E-8
2399	1.5013	3.80672E-7
2400	1.50061	2.57351E-8
2401	1.49993	1.95347E-9
2402	1.49993	3.92579E-10
2403	1.49943	6.46965E-8
2404	1.49826	0
2405	1.49774	4.44772E-8
2406	1.49696	0
2407	1.49983	3.37784E-9
2408	1.49566	0
2409	1.49505	2.76861E-8
2410	1.49434	0
2411	1.49376	1.19629E-8
2412	1.49286	1.12539E-7
2413	1.49227	6.27793E-9
2414	1.49168	3.74907E-8
2415	1.49101	4.42753E-8
2416	1.4906	7.88239E-7
2417	1.48968	3.73328E-7
2418	1.48907	2.14143E-7
2419	1.48826	1.06297E-8
2420	1.48764	4.251E-9
2421	1.48687	8.69608E-8
2422	1.48629	8.56368E-9
2423	1.48555	0
2424	1.48485	0
2425	1.48411	1.81671E-8
2426	1.48344	2.27468E-7
2427	1.48273	0
2428	1.48201	2.0912E-9
2429	1.48132	2.2869E-8
2430	1.48071	4.2708E-8
2431	1.4798	1.49565E-7
2432	1.47911	1.14243E-6
2433	1.47849	0
2434	1.47776	1.36636E-8
2435	1.47717	5.59687E-9
2436	1.47635	3.4081E-9
2437	1.47565	0
2438	1.47497	2.01996E-6
2439	1.47416	3.55178E-9
2440	1.47359	1.2917E-8
2441	1.47285	1.32838E-10
2442	1.47196	8.63574E-8
2443	1.47135	1.62513E-8
2444	1.47077	0
2445	1.47012	4.14951E-8
2446	1.46921	1.60206E-7
2447	1.4687	3.73472E-8
2448	1.46794	9.30612E-8
2449	1.46734	1.02802E-7
2450	1.46685	1.23035E-8
2451	1.46612	2.40241E-7
2452	1.46541	1.3852E-8
2453	1.46472	1.00573E-7
2454	1.46422	1.0623E-8
2455	1.46351	1.82344E-8
2456	1.463	3.79833E-8
2457	1.46231	5.01151E-11
2458	1.46181	7.39334E-8
2459	1.46115	2.95984E-8
2460	1.46048	4.55426E-8
2461	1.45995	1.60217E-9
2462	1.45941	8.87731E-8
2463	1.45878	1.43971E-7
2464	1.45819	2.21056E-8
2465	1.45766	2.39091E-7
2466	1.45706	1.25776E-7
2467	1.45649	1.25676E-7
2468	1.45614	2.20731E-8
2469	1.45561	1.26481E-7
2470	1.45505	2.60751E-8
2471	1.45484	9.77199E-8
2472	1.45397	1.47424E-11
2473	1.45349	1.68841E-7
2474	1.45304	1.74048E-7
2475	1.45245	0
2476	1.45194	3.59674E-9
2477	1.45146	0
2478	1.45084	2.84011E-8
2479	1.45036	1.14912E-7
2480	1.45003	1.8591E-9
2481	1.44951	1.3154E-8
2482	1.44899	1.70081E-8
2483	1.44857	0
2484	1.44805	1.13766E-8
2485	1.4476	2.19279E-8
2486	1.44716	0
2487	1.44665	7.9539E-9
2488	1.44621	1.80154E-7
2489	1.44575	2.53718E-9
2490	1.44528	3.40701E-6
2491	1.44487	7.7509E-9
2492	1.44445	2.35014E-9
2493	1.44385	1.15775E-7
2494	1.44345	3.09658E-8
2495	1.44298	0
2496	1.44252	2.91619E-6
2497	1.44208	0
2498	1.44162	0
2499	1.44114	0
2500	1.44067	4.80683E-10
2501	1.44019	5.63715E-9
2502	1.43969	1.8897E-8
2503	1.43924	5.03216E-9
2504	1.43872	3.65206E-6
2505	1.43814	1.37726E-7
2506	1.43768	0
2507	1.43714	0
2508	1.43661	4.18267E-9
2509	1.43606	1.11246E-8
2510	1.43549	0
2511	1.43483	1.07646E-7
2512	1.43413	3.83753E-8
2513	1.4337	1.06297E-7
2514	1.43312	7.05956E-8
2515	1.43243	0
2516	1.43177	0
2517	1.43112	2.5345E-9
2518	1.4305	1.36918E-7
2519	1.42971	0
2520	1.429	0
2521	1.42827	0
2522	1.42754	0
2523	1.42677	0
2524	1.42602	0
2525	1.42526	4.18919E-8
2526	1.42442	0
2527	1.42362	3.5217E-8
2528	1.4228	0
2529	1.42198	0
2530	1.42113	0
2531	1.42028	0
2532	1.41942	1.35686E-7
2533	1.41855	0
2534	1.41767	6.03255E-9
2535	1.4168	3.22717E-8
2536	1.41589	5.93947E-9
2537	1.41498	0
2538	1.41404	2.69381E-7
2539	1.41313	3.28501E-8
2540	1.41225	0
2541	1.41134	6.31915E-10
2542	1.41035	5.88826E-8
2543	1.40895	1.10255E-8
2544	1.40894	3.49738E-8
2545	1.40825	2.05958E-7
2546	1.40875	6.44625E-9
2547	1.40875	6.44625E-9
2548	1.40503	2.75411E-7
2549	1.40416	1.94285E-7
2550	1.40335	4.95512E-8
2551	1.40245	0
2552	1.40159	8.08522E-11
2552	1.40168	1.63519E-6
2553	1.40076	3.80713E-8
2554	1.39997	1.87211E-8
2555	1.39949	6.7296E-7
2556	1.39845	1.35571E-8
2557	1.39762	3.67191E-8
2558	1.39681	3.94078E-11
2559	1.39577	1.4245E-6
2560	1.39554	1.93935E-7
2561	1.39446	1.45173E-8
2562	1.39378	3.03494E-9
2563	1.39309	1.40091E-9
2564	1.39197	1.37183E-6
2565	1.39168	2.56303E-8
2566	1.39088	2.48867E-8
2567	1.39008	7.01199E-9
2568	1.39144	3.3761E-9
2569	1.39311	6.05838E-9
2570	1.39265	1.45173E-8
2571	1.39214	6.78598E-7
2572	1.39105	9.29035E-9
2573	1.39035	3.35566E-9
2574	1.38981	1.50339E-7
2575	1.38899	4.71849E-8
2576	1.3884	1.45173E-7
2577	1.38771	1.06999E-7
2578	1.38731	4.91972E-8
2579	1.38635	2.61132E-8
2580	1.38572	8.49446E-8
2581	1.38492	5.46853E-10
2582	1.3842	1.0216E-8
2583	1.38363	3.69361E-7
2584	1.38268	6.63218E-7
2585	1.382	1.08338E-6
2586	1.38119	4.49794E-9
2587	1.38058	7.19132E-10
2588	1.37948	3.47186E-7
2589	1.37902	3.47129E-8
2590	1.3782	1.91338E-8
2591	1.37754	7.11424E-8
2592	1.37679	2.23193E-8
2593	1.37592	2.41618E-11
2594	1.37511	2.5547E-11
2595	1.37425	5.69085E-8
2596	1.37349	3.98264E-8
2597	1.37257	9.55139E-10
2598	1.37176	6.34999E-8
2599	1.3708	2.80189E-10
2600	1.36952	1.41332E-7
2601	1.36899	1.45173E-7
2602	1.36809	3.55915E-9
2603	1.36705	0
2604	1.36609	6.34477E-9
2605	1.36509	2.49342E-8
2606	1.36404	4.91824E-9
2607	1.36303	6.50407E-10
2608	1.36194	2.53594E-10
2609	1.36091	4.71849E-7
2610	1.35974	1.57113E-8
2611	1.35849	4.18086E-7
2612	1.35739	1.45173E-8
2613	1.35633	1.73315E-9
2614	1.35412	1.0272E-6
2615	1.35388	1.80545E-7
2616	1.3527	1.12164E-8
2617	1.35145	8.50587E-9
2618	1.35015	5.88962E-10
2619	1.34885	1.15189E-7
2620	1.34749	1.45173E-9
2621	1.34609	6.92474E-9
2622	1.34445	4.93722E-6
2623	1.34332	3.25451E-8
2624	1.34216	3.89142E-7
2625	1.34059	6.11086E-7
2626	1.33902	3.14541E-7
2627	1.33755	0
2628	1.33609	1.45173E-8
2629	1.33435	8.64779E-7
2630	1.33301	7.37648E-8
2631	1.33138	0
2632	1.33005	1.45173E-7
2633	1.32765	1.45173E-7
2634	1.32651	1.08316E-9
2635	1.32472	3.12854E-7
2636	1.32328	2.17249E-8
2637	1.32169	1.14685E-6
2638	1.32	9.13771E-10
2639	1.31837	1.31721E-7
2640	1.31656	2.39285E-8
2641	1.31501	1.45173E-10
2642	1.31359	1.47636E-7
2643	1.31169	1.16017E-9
2644	1.30997	2.44284E-7
2645	1.3088	4.05088E-7
2646	1.30679	9.55139E-8
2647	1.30507	5.19958E-7
2648	1.30363	9.84757E-10
2649	1.30212	1.23629E-7
2650	1.30047	1.10177E-7
2651	1.29901	1.22211E-7
2652	1.29751	1.93503E-9
2653	1.29604	2.52766E-10
2654	1.29432	9.22583E-9
2655	1.29376	3.40568E-7
2656	1.29504	8.57745E-9
2657	1.29473	1.31043E-8
2658	1.29274	3.64877E-7
2659	1.2916	3.07025E-7
2660	1.29029	2.7332E-6
2661	1.28902	2.3285E-9
2662	1.28785	6.17952E-8
2663	1.28648	2.25767E-8
2664	1.28518	3.13409E-7
2665	1.28406	1.45173E-7
2666	1.28288	2.48289E-8
2667	1.28168	4.71849E-7
2668	1.28084	4.71849E-7
2669	1.27971	2.89402E-10
2670	1.27922	1.61619E-6
2671	1.27795	2.02875E-7
2672	1.27615	2.89866E-7
2673	1.27586	9.57368E-9
2674	1.27483	1.43982E-6
2675	1.27403	1.45173E-7
2676	1.27341	4.7779E-8
2677	1.27261	4.71849E-7
2678	1.27185	1.45173E-7
2679	1.27089	2.65022E-7
2680	1.27025	2.54768E-9
2681	1.2695	1.73376E-8
2682	1.2686	9.86164E-7