200	2.30828	0.61313
202	2.30216	0.59655
204	2.29227	0.58733
206	2.29319	0.5726
208	2.29474	0.55679
210	2.29521	0.54343
212	2.29367	0.53647
214	2.29396	0.52538
216	2.29545	0.51667
218	2.30292	0.50097
220	2.30017	0.49663
222	2.29716	0.49295
224	2.30692	0.47928
226	2.30612	0.47608
228	2.30877	0.46828
230	2.31429	0.45806
232	2.3084	0.45859
234	2.31594	0.44736
236	2.31832	0.44076
238	2.32056	0.43361
240	2.31708	0.43115
242	2.32289	0.42374
244	2.31952	0.4215
246	2.3269	0.41246
248	2.33231	0.40924
250	2.33395	0.40384
252	2.33231	0.39832
254	2.33395	0.39278
256	2.33548	0.38722
258	2.33689	0.38165
260	2.33816	0.37607
262	2.33928	0.37047
264	2.34024	0.36486
266	2.34103	0.35923
268	2.34162	0.3536
270	2.342	0.34795
272	2.3423	0.3423
274	2.34258	0.33664
276	2.34277	0.33097
278	2.34279	0.3253
280	2.34256	0.31962
282	2.342	0.31394
284	2.34104	0.30825
286	2.33971	0.30256
288	2.33807	0.29687
290	2.33621	0.29118
292	2.3342	0.28549
294	2.3321	0.27981
296	2.33	0.27412
298	2.32764	0.26844
300	2.32479	0.26276
302	2.32153	0.25709
304	2.31792	0.25143
306	2.31405	0.24577
308	2.31	0.24012
310	2.30088	0.23448
312	2.30203	0.22885
314	2.2975	0.22323
316	2.294	0.21763
318	2.29214	0.21203
320	2.29108	0.20645
322	2.29006	0.20089
324	2.2834	0.19534
326	2.28347	0.18981
328	2.27704	0.18429
330	2.27146	0.1788
332	2.27523	0.17332
334	2.27424	0.16985
336	2.27293	0.16357
338	2.2693	0.15467
340	2.26866	0.14995
342	2.26525	0.14093
344	2.2631	0.13531
346	2.25722	0.12732
348	2.25475	0.12238
350	2.25462	0.12421
352	2.24929	0.11612
354	2.2468	0.11168
356	2.24522	0.10839
358	2.24082	0.10291
360	2.23687	0.09757
362	2.23399	0.09353
364	2.23023	0.08928
366	2.22792	0.08707
368	2.22449	0.08281
370	2.2234	0.08163
372	2.21741	0.07501
374	2.21503	0.07413
376	2.21056	0.06835
378	2.20795	0.06707
380	2.20532	0.06642
382	2.20001	0.05871
384	2.19798	0.05795
386	2.19398	0.05492
388	2.19051	0.05314
390	2.18706	0.04998
392	2.18601	0.05316
394	2.18046	0.0466
396	2.17785	0.04496
398	2.17371	0.04067
400	2.17205	0.04159
402	2.16934	0.04101
404	2.16527	0.03811
406	2.16381	0.03927
408	2.16102	0.03823
410	2.15713	0.03386
412	2.15602	0.03641
414	2.15167	0.03143
416	2.15037	0.03436
418	2.1476	0.03385
420	2.14439	0.03124
422	2.14176	0.029
424	2.13913	0.02706
426	2.13742	0.02858
428	2.13507	0.02865
430	2.13226	0.02679
432	2.13054	0.02828
434	2.12768	0.02329
436	2.12608	0.02686
438	2.12312	0.02229
440	2.12127	0.02288
442	2.11958	0.02347
444	2.11754	0.02225
446	2.11565	0.02204
448	2.11394	0.02246
450	2.11185	0.01997
452	2.11024	0.02107
454	2.1088	0.02304
456	2.10669	0.01881
458	2.10538	0.02366
460	2.10346	0.01868
462	2.10153	0.01815
464	2.1001	0.01922
466	2.09882	0.01676
468	2.09715	0.01833
470	2.09554	0.01931
472	2.09417	0.01381
474	2.0929	0.01731
476	2.09157	0.01741
478	2.09022	0.01738
480	2.08877	0.01688
482	2.08737	0.01613
484	2.08599	0.01466
486	2.08484	0.01695
488	2.08401	0.0135
490	2.08264	0.0125
492	2.08121	0.01384
494	2.08013	0.01754
496	2.07883	0.01721
498	2.07766	0.01761
500	2.07653	0.02011
502	2.07586	0.01544
504	2.07473	0.0153
506	2.07349	0.01395
508	2.07234	0.01725
510	2.07189	0.01196
512	2.07044	0.01351
514	2.06966	0.01197
516	2.06833	0.01524
518	2.06793	0.01158
520	2.06637	0.0148
522	2.06568	0.01428
524	2.06459	0.01506
526	2.06396	0.01305
528	2.06311	0.01337
530	2.06231	0.01287
532	2.06168	0.01218
534	2.06091	0.01178
536	2.05972	0.01371
538	2.05919	0.01247
540	2.05894	0.00822
542	2.05712	0.01381
544	2.05632	0.01326
546	2.05565	0.01128
548	2.05501	0.01137
550	2.05377	0.01351
552	2.05297	0.01318
554	2.05259	0.01165
556	2.05155	0.01297
558	2.05089	0.01213
560	2.05037	0.01137
562	2.04954	0.01186
564	2.04863	0.01247
566	2.04832	0.01075
568	2.04746	0.01056
570	2.04673	0.01102
572	2.04585	0.01153
574	2.04526	0.01094
576	2.04466	0.00986
578	2.04387	0.0095
580	2.043	0.01058
582	2.04233	0.01085
584	2.0422	0.00877
586	2.04093	0.01119
588	2.04062	0.01041
590	2.04069	0.00826
592	2.03955	0.00895
594	2.03857	0.01011
596	2.03814	0.00948
598	2.0374	0.00945
600	2.03667	0.00956
602	2.03657	0.00799
604	2.03563	0.00951
606	2.03562	0.00763
608	2.03432	0.00973
610	2.03403	0.00854
612	2.03389	0.00712
614	2.03219	0.01024
616	2.03318	0.00636
618	2.03184	0.00831
620	2.03127	0.00794
622	2.03128	0.00641
624	2.0305	0.00698
626	2.03027	0.00603
628	2.02978	0.00609
630	2.02916	0.00656
632	2.02794	0.00764
634	2.02793	0.00571
636	2.02724	0.00644
638	2.02708	0.00496
640	2.02542	0.00807
642	2.02626	0.00424
644	2.02473	0.0071
646	2.0247	0.00563
648	2.02374	0.00597
650	2.02283	0.00599
652	2.0223	0.00573
654	2.02193	0.00547
656	2.02155	0.00533
658	2.02116	0.00527
660	2.02089	0.00506
662	2.01988	0.00653
664	2.02012	0.00467
666	2.01925	0.00554
668	2.0187	0.00498
670	2.01789	0.00534
672	2.01766	0.00484
674	2.01742	0.00393
676	2.017	0.00402
678	2.01642	0.00378
680	2.01601	0.00376
682	2.01607	0.00262
684	2.01509	0.00369
686	2.01372	0.0057
688	2.01395	0.00402
690	2.01408	0.00247
692	2.01266	0.00478
694	2.0125	0.00358
696	2.01333	8.32008E-4
698	2.01138	0.00354
700	2.01149	0.0024
702	2.01098	0.00226
704	2.00957	0.00392
706	2.01016	0.0021
708	2.0093	0.00301
710	2.00902	0.00266
712	2.00861	0.00258
714	2.00873	0.00105
716	2.00809	0.00164
718	2.00829	6.06495E-4
720	2.00716	0.00143
722	2.00638	0.00215
724	2.00551	0.00279
726	2.00507	0.00287
728	2.00587	4.44563E-4
730	2.00438	0.0022
732	2.0052	3.07382E-8
734	2.00466	2.90346E-8
736	2.0035	7.59078E-4
738	2.00228	0.00194
740	2.00136	0.00273
742	2.00242	2.77832E-4
744	2.00108	0.0015
746	2.00131	2.7905E-4
748	2.00037	0.00101
750	2.00012	0.00114
752	2.00004	4.72456E-4
754	2.00041	0
756	1.99893	8.42861E-4
758	1.99795	0.00197
760	1.99838	5.24307E-4
762	1.99773	3.41708E-4
764	1.99688	9.54723E-4
766	1.9971	3.89371E-7
768	1.99648	1.20235E-8
770	1.99577	5.54195E-4
772	1.99602	3.13519E-8
774	1.99475	0.00108
776	1.99481	8.9189E-5
778	1.99432	3.22676E-8
780	1.99446	1.63593E-8
782	1.99385	2.53074E-8
784	1.99406	2.90346E-8
786	1.99263	2.90346E-7
788	1.9935	2.71152E-10
790	1.9916	0
792	1.99033	0.00111
794	1.99147	0
796	1.99134	2.21548E-9
798	1.98975	1.12154E-6
800	1.99061	0
802	1.99001	1.06866E-8
804	1.98954	1.91028E-8
806	1.98884	2.94763E-7
808	1.98795	1.02792E-6
810	1.98792	1.18652E-7
812	1.98786	1.86397E-9
814	1.98682	1.68536E-9
816	1.98612	2.94763E-8
818	1.986	4.04038E-8
820	1.98595	2.90346E-8
822	1.98466	1.01096E-6
824	1.98516	6.78942E-5
826	1.98497	9.17099E-8
828	1.98483	3.97436E-8
830	1.9839	1.31922E-6
832	1.98238	0
834	1.9818	1.04229E-8
836	1.98328	9.17099E-8
838	1.98211	2.55647E-7
840	1.98156	3.73215E-8
842	1.98228	1.5457E-7
844	1.98048	6.94497E-4
846	1.98111	1.30367E-9
848	1.98024	0
850	1.9791	7.56802E-8
852	1.98002	1.0462E-8
854	1.97835	2.04276E-9
856	1.97969	2.90346E-7
858	1.97884	4.07099E-11
860	1.9775	1.70913E-9
862	1.97682	0
864	1.97632	0
866	1.9766	2.60517E-8
868	1.9764	0
870	1.97574	0
872	1.97503	4.19746E-8
874	1.97482	5.12323E-9
876	1.97354	2.28297E-8
878	1.97435	2.48164E-7
880	1.97401	3.87462E-9
882	1.9742	4.72211E-7
884	1.97324	0
886	1.97315	7.74589E-8
888	1.97316	5.95545E-8
890	1.97322	1.34429E-10
892	1.97125	1.15772E-7
894	1.97128	9.39325E-9
896	1.969	2.28576E-7
898	1.97133	0
900	1.9702	7.32636E-5
902	1.96953	2.80546E-8
904	1.96872	6.81184E-8
906	1.96883	4.48292E-8
908	1.96904	4.31893E-8
910	1.96808	2.90346E-8
912	1.96801	2.87676E-7
914	1.96619	8.7964E-8
916	1.96701	9.8984E-9
918	1.96561	4.73957E-8
920	1.96629	1.3464E-9
922	1.96647	5.29432E-10
924	1.96422	5.1456E-7
926	1.96566	0
928	1.96297	9.18244E-8
930	1.96574	6.03715E-8
932	1.96344	3.06288E-9
934	1.96279	8.31305E-8
936	1.96279	2.89252E-6
938	1.96164	2.92579E-7
940	1.96287	0
942	1.96157	2.50794E-8
944	1.96049	0
946	1.9652	7.22181E-10
948	1.96175	2.27266E-8
950	1.95897	3.21727E-8
952	1.95796	0
954	1.95973	4.24272E-8
956	1.95972	1.94051E-8
958	1.95856	7.34545E-9
960	1.95857	8.99565E-8
962	1.95889	1.73307E-8
964	1.95916	5.85888E-7
966	1.95889	1.73307E-8
968	1.95417	2.21124E-8
970	1.95494	2.44238E-8
972	1.95587	6.75119E-9
974	1.9558	0
976	1.95468	1.32572E-9
978	1.95863	2.711E-9
980	1.95282	4.73959E-8
982	1.95586	1.04401E-9
984	1.95298	3.87216E-10
986	1.95125	4.97768E-8
988	1.95442	3.71157E-9
990	1.95524	9.09977E-10
992	1.95169	6.99128E-9
994	1.95364	0
996	1.95125	0
998	1.95075	3.41863E-8
1000	1.94786	0
1002	1.95132	6.43687E-8
1004	1.95309	1.93555E-9
1006	1.94941	3.62792E-8
1008	1.94975	6.35625E-8
1010	1.94862	4.75816E-10
1012	1.94961	5.36298E-10
1014	1.9481	9.05203E-9
1016	1.94925	5.63399E-8
1018	1.94702	1.56111E-6
1020	1.94871	0
1022	1.94435	4.34776E-8
1024	1.94588	6.49346E-9
1026	1.9433	6.89312E-9
1028	1.9466	1.17537E-8
1030	1.94507	0
1032	1.94463	2.89257E-8
1034	1.94641	1.10709E-8
1036	1.94208	4.6911E-8
1038	1.94213	3.10268E-8
1040	1.94517	2.4786E-8
1042	1.94531	4.87374E-9
1044	1.94376	6.67735E-9
1046	1.94418	1.57554E-8
1048	1.94469	0
1050	1.94664	1.04194E-9
1052	1.94674	2.09055E-8
1054	1.94512	1.72486E-8
1056	1.94316	1.28736E-8
1058	1.94275	7.48921E-8
1060	1.94007	2.86818E-8
1062	1.93919	2.37773E-9
1064	1.94022	6.08851E-9
1066	1.9402	1.51275E-8
1068	1.94032	1.97558E-8
1070	1.94042	0
1072	1.94004	2.66245E-7
1074	1.93916	0
1076	1.93779	2.81043E-9
1078	1.93616	0
1080	1.93444	2.95787E-8
1082	1.93278	2.20296E-9
1084	1.93101	0
1086	1.92901	0
1088	1.92705	7.08224E-10
1090	1.92533	2.62631E-11
1092	1.92401	0
1094	1.92306	0
1096	1.9223	7.78523E-8
1098	1.92158	2.11611E-8
1100	1.92075	0
1102	1.91989	9.29643E-10
1104	1.91917	1.06909E-8
1106	1.91874	3.62483E-8
1108	1.91867	2.50825E-8
1110	1.91886	8.4421E-11
1112	1.91928	2.41818E-8
1114	1.91981	2.6899E-8
1116	1.92045	2.24157E-8
1118	1.92122	1.89703E-8
1120	1.92206	8.36906E-9
1122	1.9229	1.15728E-8
1124	1.92354	2.56984E-7
1126	1.92401	1.71681E-10
1128	1.92414	8.01059E-8
1130	1.92403	6.42845E-8
1132	1.92374	6.08703E-8
1134	1.92328	9.39185E-9
1136	1.92264	0
1138	1.92181	1.46839E-10
1140	1.92088	3.42552E-10
1142	1.92007	0
1144	1.91942	3.84142E-8
1146	1.9189	2.71222E-9
1148	1.9185	0
1150	1.91805	1.47289E-9
1152	1.91745	9.55955E-8
1154	1.91668	4.05078E-7
1156	1.91576	7.40371E-9
1158	1.91483	7.00864E-8
1160	1.91396	1.3909E-8
1162	1.91311	2.45613E-7
1164	1.91251	1.58639E-8
1166	1.91195	8.31006E-10
1168	1.91153	2.85426E-8
1170	1.91119	1.95729E-8
1172	1.91087	2.37869E-7
1174	1.91068	3.13483E-8
1176	1.91054	3.30437E-10
1178	1.91049	1.78529E-7
1180	1.91048	3.50819E-8
1182	1.91037	7.38041E-9
1184	1.91003	0
1186	1.90938	1.50225E-9
1188	1.90844	2.60831E-9
1190	1.90714	0
1192	1.90556	2.42957E-8
1194	1.90374	0
1196	1.90199	4.51404E-9
1198	1.90052	1.48966E-10
1200	1.89937	2.25015E-7
1202	1.89859	1.7454E-8
1204	1.89813	1.78693E-9
1206	1.89791	4.20785E-9
1208	1.89791	4.72238E-9
1210	1.89807	2.90346E-8
1212	1.8983	6.74563E-9
1214	1.89855	3.42323E-9
1216	1.8989	0
1218	1.89932	2.25595E-8
1220	1.89988	2.7693E-9
1222	1.9006	2.90346E-8
1224	1.9014	1.21749E-8
1226	1.90225	6.53939E-8
1228	1.903	2.41778E-10
1230	1.90364	4.12821E-7
1232	1.90387	4.2514E-9
1234	1.90368	1.45614E-7
1236	1.90338	3.37687E-9
1238	1.9028	0
1240	1.90208	2.15103E-7
1242	1.90111	2.21515E-8
1244	1.89999	4.0819E-9
1246	1.8986	1.67547E-6
1248	1.89718	3.20205E-9
1250	1.89558	1.24512E-9
1252	1.894	7.70839E-9
1254	1.89247	0
1256	1.89093	1.27937E-8
1258	1.88932	1.30337E-8
1260	1.88771	3.17142E-8
1262	1.88629	2.43676E-9
1264	1.88509	2.52184E-8
1266	1.88415	1.74332E-9
1268	1.88351	0
1270	1.88318	7.44982E-9
1272	1.88305	7.71112E-9
1274	1.88313	1.81249E-8
1276	1.88325	5.70668E-10
1278	1.8834	1.55205E-10
1280	1.8836	2.27305E-6
1282	1.88342	3.50191E-9
1284	1.88324	3.70323E-9
1286	1.88309	1.00223E-8
1288	1.88288	5.89466E-8
1290	1.88273	3.02918E-9
1292	1.88261	2.68106E-9
1294	1.88246	1.63233E-9
1296	1.88222	5.79484E-9
1298	1.88178	2.77903E-8
1300	1.88123	0
1302	1.88052	0
1304	1.87967	5.31562E-8
1306	1.87881	1.28817E-8
1308	1.87799	7.45797E-9
1310	1.87722	2.20479E-8
1312	1.87672	6.04315E-9
1314	1.87617	8.03525E-9
1316	1.87586	2.321E-10
1318	1.87571	9.64612E-11
1320	1.87573	1.27307E-8
1322	1.87586	9.39834E-10
1324	1.87613	1.81101E-8
1326	1.87649	9.32467E-9
1328	1.87682	1.05215E-7
1330	1.87696	1.07983E-8
1332	1.87697	1.84861E-8
1334	1.87706	8.65651E-8
1336	1.87716	0
1338	1.87741	7.65812E-9
1340	1.87781	0
1342	1.87839	1.01705E-8
1344	1.87907	1.75517E-7
1346	1.87984	5.50913E-10
1348	1.88035	6.03087E-7
1350	1.881	3.77499E-7
1352	1.88126	0
1354	1.88119	2.39432E-12
1356	1.88079	4.25944E-9
1358	1.88006	2.48232E-9
1360	1.87914	7.33894E-9
1362	1.87807	2.73505E-9
1364	1.87702	1.03186E-10
1366	1.87594	8.69348E-8
1368	1.87496	4.57367E-13
1370	1.874	1.24661E-8
1372	1.873	1.23935E-8
1374	1.87202	7.10143E-11
1376	1.87102	0
1378	1.87001	5.17264E-8
1380	1.86884	1.17125E-9
1382	1.86953	1.70173E-7
1384	1.86654	1.3299E-8
1386	1.86547	6.21656E-8
1388	1.86448	2.99633E-8
1390	1.86366	0
1392	1.8629	3.71807E-8
1394	1.86223	0
1396	1.86152	0
1398	1.86082	4.42049E-8
1400	1.86001	2.2913E-8
1402	1.85908	1.89664E-8
1404	1.8581	3.72192E-8
1406	1.85701	7.29299E-10
1408	1.85593	3.41728E-10
1410	1.85488	6.06927E-8
1412	1.85393	6.16336E-9
1414	1.85306	4.43583E-10
1416	1.8524	1.22049E-9
1418	1.85196	0
1420	1.85161	2.90346E-9
1422	1.85127	1.36665E-8
1424	1.85092	8.71917E-9
1426	1.85048	2.59271E-8
1428	1.85006	2.90346E-7
1430	1.84952	2.11183E-8
1432	1.84893	8.29216E-10
1434	1.84823	2.1276E-8
1436	1.84743	4.7172E-9
1438	1.84654	1.68195E-8
1440	1.84563	0
1442	1.84476	1.36188E-8
1444	1.84395	3.61296E-8
1446	1.8432	1.5798E-8
1448	1.84267	5.92908E-10
1450	1.8423	1.04803E-8
1452	1.84208	6.4281E-9
1454	1.84185	7.77664E-9
1456	1.84154	1.87009E-8
1458	1.84142	2.05938E-8
1460	1.84117	2.44853E-8
1462	1.84083	5.82081E-9
1464	1.84049	7.87187E-8
1466	1.84	2.90346E-8
1468	1.83956	3.06447E-7
1470	1.83901	8.70234E-9
1472	1.83854	4.47034E-8
1474	1.83818	2.35804E-8
1476	1.8378	1.08196E-8
1478	1.83759	1.34218E-6
1480	1.83702	5.125E-9
1482	1.83661	7.47624E-10
1484	1.83617	2.90346E-9
1486	1.83574	8.27436E-7
1488	1.83515	5.65753E-9
1490	1.83462	2.14711E-8
1492	1.83412	2.97992E-7
1494	1.83352	5.31111E-9
1496	1.83299	2.13335E-9
1498	1.83253	7.89077E-9
1500	1.83216	0
1502	1.83188	0
1504	1.83163	4.70667E-9
1506	1.83152	4.67039E-8
1508	1.83134	0
1510	1.83128	1.21727E-6
1512	1.8309	3.44826E-8
1514	1.83059	1.21256E-9
1516	1.83017	1.46555E-9
1518	1.82966	2.4543E-8
1520	1.82904	1.23199E-7
1522	1.8284	5.49756E-8
1524	1.82778	4.85027E-7
1526	1.82716	0
1528	1.82657	2.77682E-9
1530	1.82602	1.09301E-8
1532	1.82558	9.92209E-9
1534	1.82499	4.74874E-8
1536	1.82452	4.67184E-9
1538	1.82405	3.96768E-8
1540	1.82352	3.26172E-9
1542	1.82305	4.65952E-8
1544	1.82243	1.10386E-7
1546	1.82182	1.65868E-8
1548	1.82124	0
1550	1.82062	0
1552	1.82	0
1554	1.81942	0
1556	1.81885	0
1558	1.81833	9.18598E-8
1560	1.81774	3.56745E-9
1562	1.8172	0
1564	1.81662	7.14267E-9
1566	1.81597	2.28056E-9
1568	1.81525	1.77441E-7
1570	1.81457	3.1308E-8
1572	1.81362	1.13425E-8
1574	1.81307	8.51529E-10
1576	1.81231	4.76739E-9
1578	1.81155	1.94116E-8
1580	1.81076	2.12045E-7
1582	1.81012	0
1584	1.80952	1.98832E-8
1586	1.80879	4.22404E-9
1588	1.8081	0
1590	1.80743	0
1592	1.80673	4.16073E-10
1594	1.80611	2.28766E-8
1596	1.8054	1.15929E-8
1598	1.80474	3.40676E-8
1600	1.80412	6.16834E-8
1602	1.80351	5.0478E-9
1604	1.80291	9.89935E-10
1606	1.80236	6.65527E-9
1608	1.80183	4.04038E-8
1610	1.80129	8.28557E-10
1612	1.80077	2.44402E-9
1614	1.80023	1.5289E-8
1616	1.79964	2.37324E-8
1618	1.79904	2.67772E-8
1620	1.79842	2.94763E-8
1622	1.79778	8.55053E-9
1624	1.79714	0
1626	1.7965	9.31077E-9
1628	1.79587	2.86179E-8
1630	1.79529	0
1632	1.79477	5.15502E-8
1634	1.79417	1.13645E-9
1636	1.79365	6.64367E-8
1638	1.79312	2.11456E-8
1640	1.79262	3.30385E-8
1642	1.79217	3.24761E-11
1644	1.7917	4.82026E-9
1646	1.79124	0
1648	1.79084	4.48968E-8
1650	1.79029	2.27939E-7
1652	1.78988	9.35025E-9
1654	1.78939	3.0157E-9
1656	1.78888	1.08041E-8
1658	1.78842	4.49561E-8
1660	1.78796	1.5349E-8
1662	1.7874	2.76986E-11
1664	1.78692	4.01429E-8
1666	1.78644	5.75299E-10
1668	1.78596	1.23058E-9
1670	1.78544	7.18114E-8
1672	1.78491	0
1674	1.78434	2.55237E-9
1676	1.78372	4.56998E-8
1678	1.78316	5.13272E-8
1680	1.78247	2.90346E-8
1682	1.78175	2.90346E-8
1684	1.78124	1.61249E-8
1686	1.7806	2.87642E-8
1688	1.77993	2.37508E-7
1690	1.77927	4.7287E-8
1692	1.77869	9.43698E-8
1694	1.77805	4.11099E-9
1696	1.77741	2.20242E-8
1698	1.77672	1.71791E-8
1700	1.776	5.17556E-8
1702	1.77524	3.10268E-7
1704	1.77431	1.13918E-7
1706	1.77352	0
1708	1.77263	2.51964E-9
1710	1.77176	6.36197E-8
1712	1.77085	2.56602E-9
1714	1.77	4.68903E-10
1716	1.76921	4.06191E-8
1718	1.76846	0
1720	1.76776	4.4621E-9
1722	1.76717	1.52015E-7
1724	1.7665	0
1726	1.76596	7.8553E-8
1728	1.76538	4.65722E-8
1730	1.76483	5.01874E-9
1732	1.76426	1.25473E-8
1734	1.76367	4.36762E-9
1736	1.76313	6.31444E-9
1738	1.76238	1.81475E-6
1740	1.76194	7.53583E-8
1742	1.76133	2.05623E-8
1744	1.76083	3.73608E-9
1746	1.76021	8.29493E-9
1748	1.75959	2.23144E-8
1750	1.75901	1.20488E-8
1752	1.75843	1.91028E-8
1754	1.7579	1.44031E-7
1756	1.75728	6.81231E-9
1758	1.75673	2.14318E-9
1760	1.75621	1.43912E-8
1762	1.75567	1.62533E-9
1764	1.75515	1.2935E-8
1766	1.75465	3.11135E-8
1768	1.75415	4.68983E-9
1770	1.75363	1.8213E-8
1772	1.7531	9.63028E-8
1774	1.75269	4.58856E-9
1776	1.75222	3.79278E-8
1778	1.75173	0
1780	1.75124	0
1782	1.75076	8.56753E-9
1784	1.75025	1.29296E-8
1786	1.74964	1.9117E-7
1788	1.74917	3.24262E-8
1790	1.74863	8.80377E-8
1792	1.74807	6.37597E-8
1794	1.7475	3.38952E-9
1796	1.74693	2.54804E-9
1798	1.74631	4.48968E-8
1800	1.74579	6.73803E-8
1802	1.74506	6.04543E-8
1804	1.74443	2.09217E-11
1806	1.74378	5.95109E-12
1808	1.74314	0
1810	1.74252	0
1812	1.74184	1.01648E-7
1814	1.74133	1.3418E-10
1816	1.74074	5.00321E-8
1818	1.74019	0
1820	1.73964	2.31195E-7
1822	1.73902	4.81492E-8
1824	1.73852	2.83554E-8
1826	1.73792	6.9592E-9
1828	1.73729	8.99249E-8
1830	1.73669	4.41743E-8
1832	1.73603	1.09468E-9
1834	1.73564	2.90346E-8
1836	1.72856	7.25539E-10
1838	1.72785	2.39216E-8
1840	1.72695	2.40194E-8
1842	1.7263	1.57159E-8
1844	1.72548	6.59233E-8
1846	1.72471	2.6249E-8
1848	1.72406	9.24484E-9
1850	1.72332	5.01941E-9
1852	1.72259	0
1854	1.72191	2.34029E-8
1856	1.72126	3.31821E-9
1858	1.72058	3.92606E-8
1860	1.71997	0
1862	1.71933	4.79951E-9
1864	1.71875	0
1866	1.71817	2.07333E-7
1868	1.71756	2.72754E-8
1870	1.71696	6.56054E-8
1872	1.71636	0
1874	1.71574	1.4705E-9
1876	1.71517	2.58057E-9
1878	1.71456	1.33889E-8
1880	1.71392	0
1882	1.71324	3.3707E-9
1884	1.71265	0
1886	1.71204	6.16913E-9
1888	1.71127	5.51413E-8
1890	1.7106	1.48448E-8
1892	1.71003	5.14004E-10
1894	1.7092	0
1896	1.70845	7.75314E-11
1898	1.70771	2.32661E-8
1900	1.70696	4.00386E-8
1902	1.70619	2.23956E-9
1904	1.7054	3.62053E-8
1906	1.70463	3.13108E-8
1908	1.70381	0
1910	1.70297	4.39392E-8
1912	1.70208	1.62837E-8
1914	1.70121	9.81836E-11
1916	1.7006	2.27652E-8
1918	1.69971	1.39513E-8
1920	1.69877	1.91028E-7
1922	1.69803	4.34293E-9
1924	1.69725	0
1926	1.69645	0
1928	1.69566	1.17844E-9
1930	1.69489	4.49415E-8
1932	1.69419	3.08755E-8
1934	1.69347	1.22481E-8
1936	1.69279	0
1938	1.69211	1.68721E-8
1940	1.6914	7.48953E-10
1942	1.69076	9.44108E-10
1944	1.69011	3.23793E-8
1946	1.68941	6.63248E-8
1948	1.68869	0
1950	1.68797	1.84397E-8
1952	1.68726	0
1954	1.68654	5.9963E-9
1956	1.68575	4.26425E-8
1958	1.68502	1.93967E-10
1960	1.68426	1.05429E-9
1962	1.68358	3.67537E-8
1964	1.68284	4.94969E-9
1966	1.68215	0
1968	1.6815	7.79129E-10
1970	1.68081	1.07474E-9
1972	1.68013	1.06189E-9
1974	1.67949	0
1976	1.67885	1.27246E-10
1978	1.6782	1.70772E-8
1980	1.67757	0
1982	1.6769	5.00627E-8
1984	1.6763	3.79759E-9
1986	1.67566	6.02246E-8
1988	1.67489	6.95784E-8
1990	1.67418	7.19832E-8
1992	1.67357	3.80546E-9
1994	1.67292	1.83928E-7
1996	1.6722	5.64859E-9
1998	1.67151	6.13276E-11
2000	1.67079	0
2002	1.67008	1.71729E-8
2004	1.66955	1.40912E-6
2006	1.66873	2.86577E-8
2008	1.66787	1.22335E-9
2010	1.66727	3.03951E-8
2012	1.66666	0
2014	1.666	1.03522E-9
2016	1.6654	2.41005E-8
2018	1.6648	5.29266E-8
2020	1.6642	9.71015E-9
2022	1.66357	8.34021E-9
2024	1.663	2.49894E-8
2026	1.66235	1.24603E-9
2028	1.66194	7.26633E-9
2030	1.66126	7.79528E-9
2032	1.66068	2.06265E-8
2034	1.66013	2.16145E-8
2036	1.65943	1.41009E-8
2038	1.65883	3.81768E-9
2040	1.65817	2.89361E-8
2042	1.65753	0
2044	1.65697	3.75433E-8
2046	1.65614	3.18491E-8
2048	1.65546	1.07228E-8
2050	1.65467	7.67109E-8
2052	1.65398	1.53834E-8
2054	1.65326	1.18242E-8
2056	1.65248	0
2058	1.65161	6.279E-8
2060	1.65094	4.34748E-9
2062	1.65017	1.72259E-9
2064	1.64924	1.1889E-7
2066	1.64852	5.29266E-8
2068	1.64782	0
2070	1.64703	0
2072	1.64625	9.46071E-10
2074	1.64545	0
2076	1.64462	9.67404E-9
2078	1.64387	2.03245E-8
2080	1.64301	2.97694E-8
2082	1.64218	8.40463E-9
2084	1.6413	4.96686E-9
2086	1.6404	2.49678E-8
2088	1.63962	0
2090	1.6388	9.95346E-9
2092	1.63797	7.13467E-12
2094	1.63727	4.67023E-8
2096	1.63636	0
2098	1.63559	0
2100	1.63483	2.6033E-7
2102	1.63411	0
2104	1.63343	0
2106	1.63277	0
2108	1.63217	0
2110	1.63156	0
2112	1.63098	3.17916E-9
2114	1.63045	2.90346E-9
2116	1.62986	1.78559E-7
2118	1.62936	0
2120	1.62883	2.09558E-10
2122	1.62826	8.38297E-9
2124	1.62778	2.90346E-9
2126	1.62718	1.61468E-8
2128	1.62662	1.32981E-9
2130	1.62611	2.58617E-8
2132	1.62546	2.85011E-10
2134	1.62484	0
2136	1.62427	5.07346E-9
2138	1.62362	1.77161E-8
2140	1.62288	8.80733E-10
2142	1.62232	1.31504E-8
2144	1.6215	1.25054E-7
2146	1.62074	7.13418E-8
2148	1.62015	1.36663E-9
2150	1.61949	1.72827E-8
2152	1.61868	3.36596E-8
2154	1.61805	4.76494E-7
2156	1.61706	2.14269E-8
2158	1.61622	1.26986E-8
2160	1.61559	4.55518E-9
2162	1.61473	0
2164	1.61394	3.76071E-9
2166	1.61309	7.51405E-12
2168	1.61225	1.95883E-8
2170	1.61141	4.40397E-8
2172	1.6106	3.26325E-8
2174	1.60984	7.97491E-8
2176	1.60885	6.5946E-8
2178	1.60808	0
2180	1.60727	2.60516E-8
2182	1.60648	8.11342E-8
2184	1.60563	1.03089E-7
2186	1.60471	6.09804E-8
2188	1.60391	2.58091E-9
2190	1.60314	5.12862E-8
2192	1.60229	3.59397E-8
2194	1.60134	3.81546E-9
2196	1.60056	0
2198	1.59972	7.72952E-9
2200	1.59886	6.64322E-10
2202	1.59801	6.53038E-8
2204	1.59718	4.22858E-9
2206	1.59676	1.39429E-6
2208	1.59543	6.10956E-9
2210	1.5946	5.16079E-9
2212	1.59361	1.52511E-8
2214	1.59287	3.05201E-8
2216	1.59194	5.12287E-9
2218	1.59114	3.94743E-8
2220	1.59021	9.77049E-8
2222	1.58932	4.73858E-8
2224	1.58841	1.43658E-8
2226	1.58749	3.40214E-8
2228	1.58663	3.27009E-9
2230	1.58568	3.04804E-8
2232	1.58477	2.97145E-6
2234	1.58361	2.90658E-7
2236	1.58272	1.40407E-7
2238	1.58171	6.86617E-8
2240	1.58065	1.41368E-8
2242	1.57966	1.45117E-8
2244	1.57848	7.77438E-9
2246	1.57774	1.27602E-7
2248	1.5765	9.83351E-9
2250	1.57558	4.15796E-8
2252	1.57471	2.44228E-7
2254	1.57372	0
2256	1.57282	0
2258	1.57198	1.10693E-8
2260	1.57109	2.66552E-6
2262	1.57029	3.10268E-8
2264	1.56934	2.1186E-9
2266	1.56851	1.89041E-8
2268	1.56781	3.92297E-7
2270	1.56704	2.30963E-8
2272	1.56611	0
2274	1.56518	2.04024E-8
2276	1.5645	4.45564E-8
2278	1.56362	9.07445E-9
2280	1.5627	0
2282	1.56178	0
2284	1.56084	4.50535E-10
2286	1.55965	4.11875E-6
2288	1.5588	0
2290	1.55784	9.33711E-9
2292	1.55663	7.51447E-8
2294	1.55558	2.52848E-9
2296	1.55459	2.72295E-8
2298	1.55343	1.26684E-7
2300	1.55247	9.82808E-8
2302	1.55149	0
2304	1.55052	3.76518E-7
2306	1.54969	2.90346E-7
2308	1.54856	2.78877E-10
2310	1.54757	3.85763E-7
2312	1.54676	2.41629E-8
2314	1.54595	4.18037E-8
2316	1.54506	2.13612E-8
2318	1.54427	0
2320	1.54334	5.27467E-8
2322	1.54271	1.50517E-9
2324	1.54195	1.66292E-8
2326	1.54124	1.67855E-10
2328	1.54059	3.05625E-7
2330	1.53961	3.60083E-9
2332	1.53889	1.28164E-8
2334	1.53828	5.92059E-7
2336	1.53727	1.15803E-7
2338	1.53629	2.51674E-8
2340	1.5355	1.18536E-8
2342	1.53455	5.74766E-9
2344	1.5336	1.92396E-8
2346	1.53282	1.60544E-7
2348	1.53164	1.48272E-7
2350	1.53078	2.44352E-9
2352	1.52984	2.39191E-8
2354	1.52706	3.11363E-7
2356	1.52799	3.90196E-9
2358	1.52666	1.95016E-9
2360	1.5256	0
2362	1.52459	3.88148E-8
2364	1.5234	0
2366	1.52231	1.55195E-7
2368	1.52123	2.54602E-8
2370	1.51995	5.21284E-9
2372	1.51872	2.23669E-9
2374	1.51755	9.5977E-8
2376	1.51632	0
2378	1.5151	0
2380	1.5139	1.91028E-8
2382	1.51756	3.03397E-8
2384	1.51122	4.12783E-8
2386	1.5101	2.1687E-9
2388	1.50887	2.06229E-7
2390	1.50755	1.1981E-10
2392	1.50632	3.94579E-8
2394	1.50503	2.2514E-8
2396	1.5037	0
2398	1.50241	0
2400	1.50109	6.43397E-9